symbol,date,open,high,low,close,volume,adjclose,dividends
INBK,2017-01-03,32.150001525878906,32.150001525878906,31.0,31.75,57000,29.942907333374023,0.0
INBK,2017-01-04,31.899999618530273,32.0,31.1200008392334,31.450000762939453,153000,29.659988403320312,0.0
INBK,2017-01-05,31.350000381469727,31.5,29.850000381469727,30.299999237060547,65600,28.575435638427734,0.0
INBK,2017-01-06,30.149999618530273,30.399999618530273,30.0,30.100000381469727,46300,28.386817932128906,0.0
INBK,2017-01-09,29.899999618530273,30.0,29.25,29.600000381469727,77600,27.9152774810791,0.0
INBK,2017-01-10,29.75,31.549999237060547,29.649999618530273,30.950000762939453,66000,29.18844223022461,0.0
INBK,2017-01-11,30.799999237060547,31.450000762939453,30.799999237060547,31.149999618530273,51100,29.377056121826172,0.0
INBK,2017-01-12,30.639999389648438,30.950000762939453,30.399999618530273,30.600000381469727,22500,28.858362197875977,0.0
INBK,2017-01-13,30.799999237060547,31.200000762939453,30.75,31.0,15000,29.235599517822266,0.0
INBK,2017-01-17,30.899999618530273,30.899999618530273,30.049999237060547,30.049999237060547,14000,28.33966636657715,0.0
INBK,2017-01-18,30.420000076293945,30.420000076293945,29.600000381469727,29.649999618530273,21300,27.962430953979492,0.0
INBK,2017-01-19,29.850000381469727,29.850000381469727,29.25,29.299999237060547,19100,27.632360458374023,0.0
INBK,2017-01-20,30.549999237060547,30.549999237060547,29.600000381469727,29.850000381469727,42900,28.151052474975586,0.0
INBK,2017-01-23,29.950000762939453,29.950000762939453,29.149999618530273,29.549999237060547,20900,27.868127822875977,0.0
INBK,2017-01-24,29.899999618530273,32.0,29.549999237060547,31.5,103800,29.707141876220703,0.0
INBK,2017-01-25,31.899999618530273,31.950000762939453,30.899999618530273,31.399999618530273,39300,29.612831115722656,0.0
INBK,2017-01-26,31.299999237060547,31.549999237060547,31.0,31.299999237060547,19300,29.518522262573242,0.0
INBK,2017-01-27,31.0,31.350000381469727,30.850000381469727,31.200000762939453,18200,29.424213409423828,0.0
INBK,2017-01-30,30.899999618530273,31.350000381469727,30.5,31.149999618530273,31800,29.377056121826172,0.0
INBK,2017-01-31,31.149999618530273,31.5,31.0,31.149999618530273,82200,29.377056121826172,0.0
INBK,2017-02-01,31.5,31.549999237060547,30.950000762939453,31.25,28700,29.47136116027832,0.0
INBK,2017-02-02,31.5,31.549999237060547,30.25,30.399999618530273,21500,28.66974639892578,0.0
INBK,2017-02-03,30.700000762939453,30.899999618530273,30.200000762939453,30.799999237060547,75300,29.04697608947754,0.0
INBK,2017-02-06,30.450000762939453,30.899999618530273,30.399999618530273,30.649999618530273,15200,28.905519485473633,0.0
INBK,2017-02-07,30.649999618530273,30.75,30.25,30.350000381469727,17300,28.622591018676758,0.0
INBK,2017-02-08,30.25,30.280000686645508,29.450000762939453,29.75,20000,28.056745529174805,0.0
INBK,2017-02-09,29.75,30.75,29.700000762939453,30.350000381469727,13700,28.622591018676758,0.0
INBK,2017-02-10,30.25,30.75,30.0,30.700000762939453,16200,28.95267677307129,0.0
INBK,2017-02-13,30.5,31.100000381469727,30.100000381469727,31.100000381469727,131600,29.329912185668945,0.0
INBK,2017-02-14,31.100000381469727,31.200000762939453,30.75,30.899999618530273,25300,29.14129066467285,0.0
INBK,2017-02-15,30.950000762939453,30.979999542236328,30.75,30.899999618530273,47300,29.14129066467285,0.0
INBK,2017-02-16,31.0,31.729999542236328,30.600000381469727,31.200000762939453,49500,29.424213409423828,0.0
INBK,2017-02-17,31.049999237060547,31.549999237060547,31.049999237060547,31.549999237060547,15100,29.754291534423828,0.0
INBK,2017-02-21,31.270000457763672,32.150001525878906,31.200000762939453,32.099998474121094,38400,30.272985458374023,0.0
INBK,2017-02-22,31.75,31.899999618530273,31.649999618530273,31.75,7000,29.942907333374023,0.0
INBK,2017-02-23,31.5,31.799999237060547,31.049999237060547,31.649999618530273,23000,29.848596572875977,0.0
INBK,2017-02-24,31.149999618530273,31.350000381469727,30.950000762939453,31.049999237060547,13100,29.282745361328125,0.0
INBK,2017-02-27,31.049999237060547,31.299999237060547,31.049999237060547,31.299999237060547,10600,29.518522262573242,0.0
INBK,2017-02-28,31.299999237060547,31.850000381469727,30.5,30.75,16000,28.999820709228516,0.0
INBK,2017-03-01,30.950000762939453,31.799999237060547,30.899999618530273,31.799999237060547,26700,29.99006462097168,0.0
INBK,2017-03-02,31.75,32.150001525878906,31.690000534057617,31.75,11500,29.942907333374023,0.0
INBK,2017-03-03,31.600000381469727,31.649999618530273,30.950000762939453,31.350000381469727,8500,29.56568145751953,0.0
INBK,2017-03-06,31.299999237060547,31.299999237060547,30.549999237060547,30.649999618530273,4700,28.905519485473633,0.0
INBK,2017-03-07,30.549999237060547,30.850000381469727,29.899999618530273,30.700000762939453,13700,28.95267677307129,0.0
INBK,2017-03-08,30.950000762939453,30.950000762939453,30.350000381469727,30.350000381469727,9300,28.622591018676758,0.0
INBK,2017-03-09,30.399999618530273,30.799999237060547,30.350000381469727,30.5,21200,28.764055252075195,0.0
INBK,2017-03-10,30.5,30.899999618530273,30.299999237060547,30.649999618530273,57800,28.905519485473633,0.0
INBK,2017-03-13,30.950000762939453,30.950000762939453,30.049999237060547,30.700000762939453,21900,28.95267677307129,0.0
INBK,2017-03-14,30.799999237060547,30.799999237060547,29.850000381469727,30.350000381469727,10800,28.622591018676758,0.0
INBK,2017-03-15,30.350000381469727,30.600000381469727,30.0,30.350000381469727,14700,28.622591018676758,0.0
INBK,2017-03-16,30.399999618530273,30.649999618530273,30.149999618530273,30.25,13200,28.528284072875977,0.0
INBK,2017-03-17,30.25,30.399999618530273,30.100000381469727,30.350000381469727,20500,28.622591018676758,0.0
INBK,2017-03-20,30.399999618530273,30.399999618530273,30.049999237060547,30.100000381469727,8600,28.386817932128906,0.0
INBK,2017-03-21,30.049999237060547,30.049999237060547,28.399999618530273,28.399999618530273,20600,26.7835750579834,0.0
INBK,2017-03-22,28.5,29.0,28.149999618530273,28.950000762939453,20400,27.302274703979492,0.0
INBK,2017-03-23,29.100000381469727,30.25,28.75,30.049999237060547,19000,28.33966636657715,0.0
INBK,2017-03-24,30.100000381469727,30.149999618530273,29.25,29.450000762939453,12700,27.773820877075195,0.0
INBK,2017-03-27,28.75,29.899999618530273,28.75,29.75,13800,28.056745529174805,0.0
INBK,2017-03-28,29.649999618530273,29.899999618530273,29.049999237060547,29.700000762939453,7700,28.00959014892578,0.0
INBK,2017-03-29,28.649999618530273,29.8799991607666,28.649999618530273,29.299999237060547,10800,27.688289642333984,0.06
INBK,2017-03-30,29.350000381469727,30.0,29.149999618530273,29.850000381469727,19200,28.208036422729492,0.0
INBK,2017-03-31,29.850000381469727,29.850000381469727,29.399999618530273,29.5,12600,27.877290725708008,0.0
INBK,2017-04-03,29.399999618530273,29.5,28.799999237060547,29.100000381469727,11600,27.49929428100586,0.0
INBK,2017-04-04,28.0,28.799999237060547,28.0,28.450000762939453,21700,26.885040283203125,0.0
INBK,2017-04-05,28.75,28.809999465942383,28.0,28.149999618530273,17200,26.601551055908203,0.0
INBK,2017-04-06,28.200000762939453,28.68000030517578,27.969999313354492,28.5,13600,26.932296752929688,0.0
INBK,2017-04-07,28.399999618530273,29.030000686645508,28.100000381469727,28.600000381469727,11500,27.026792526245117,0.0
INBK,2017-04-10,28.799999237060547,29.049999237060547,28.100000381469727,28.25,9000,26.6960506439209,0.0
INBK,2017-04-11,28.299999237060547,28.5,28.25,28.5,7000,26.932296752929688,0.0
INBK,2017-04-12,28.299999237060547,28.399999618530273,27.950000762939453,28.200000762939453,9700,26.648801803588867,0.0
INBK,2017-04-13,28.100000381469727,28.100000381469727,27.700000762939453,27.700000762939453,16900,26.176301956176758,0.0
INBK,2017-04-17,28.0,28.299999237060547,27.6299991607666,28.0,24400,26.459796905517578,0.0
INBK,2017-04-18,27.950000762939453,28.600000381469727,27.649999618530273,28.25,17200,26.6960506439209,0.0
INBK,2017-04-19,28.5,28.549999237060547,28.100000381469727,28.25,9700,26.6960506439209,0.0
INBK,2017-04-20,28.600000381469727,28.75,28.200000762939453,28.649999618530273,9200,27.074050903320312,0.0
INBK,2017-04-21,28.5,28.5,27.75,27.850000381469727,70200,26.31804847717285,0.0
INBK,2017-04-24,28.299999237060547,28.700000762939453,27.899999618530273,28.149999618530273,46600,26.601551055908203,0.0
INBK,2017-04-25,28.200000762939453,28.649999618530273,28.049999237060547,28.600000381469727,32800,27.026792526245117,0.0
INBK,2017-04-26,28.399999618530273,30.450000762939453,28.399999618530273,30.049999237060547,38300,28.397037506103516,0.0
INBK,2017-04-27,30.299999237060547,30.399999618530273,29.700000762939453,29.950000762939453,17600,28.302534103393555,0.0
INBK,2017-04-28,29.760000228881836,29.760000228881836,29.450000762939453,29.549999237060547,21100,27.92453956604004,0.0
INBK,2017-05-01,29.649999618530273,29.649999618530273,28.049999237060547,28.649999618530273,23800,27.074050903320312,0.0
INBK,2017-05-02,28.649999618530273,29.450000762939453,28.25,28.649999618530273,18600,27.074050903320312,0.0
INBK,2017-05-03,28.25,29.309999465942383,28.25,29.299999237060547,17600,27.688289642333984,0.0
INBK,2017-05-04,29.200000762939453,29.399999618530273,28.399999618530273,28.700000762939453,10700,27.12129783630371,0.0
INBK,2017-05-05,28.420000076293945,28.600000381469727,28.200000762939453,28.200000762939453,14000,26.648801803588867,0.0
INBK,2017-05-08,28.600000381469727,28.899999618530273,28.25,28.700000762939453,13200,27.12129783630371,0.0
INBK,2017-05-09,28.75,28.850000381469727,28.049999237060547,28.200000762939453,11500,26.648801803588867,0.0
INBK,2017-05-10,28.200000762939453,28.25,28.0,28.200000762939453,11000,26.648801803588867,0.0
INBK,2017-05-11,28.299999237060547,28.299999237060547,28.0,28.049999237060547,15300,26.50704574584961,0.0
INBK,2017-05-12,28.049999237060547,28.399999618530273,27.950000762939453,28.149999618530273,16500,26.601551055908203,0.0
INBK,2017-05-15,28.3799991607666,28.93000030517578,28.25,28.649999618530273,14900,27.074050903320312,0.0
INBK,2017-05-16,28.5,28.5,27.809999465942383,27.950000762939453,27800,26.412548065185547,0.0
INBK,2017-05-17,27.799999237060547,27.799999237060547,26.350000381469727,26.950000762939453,25400,25.467559814453125,0.0
INBK,2017-05-18,27.049999237060547,27.149999618530273,26.75,26.899999618530273,15400,25.420305252075195,0.0
INBK,2017-05-19,26.799999237060547,27.0,26.290000915527344,26.399999618530273,33600,24.94780921936035,0.0
INBK,2017-05-22,26.299999237060547,26.75,26.149999618530273,26.5,9300,25.042312622070312,0.0
INBK,2017-05-23,26.549999237060547,26.75,26.25,26.299999237060547,15000,24.853313446044922,0.0
INBK,2017-05-24,26.299999237060547,26.600000381469727,26.299999237060547,26.600000381469727,8000,25.136808395385742,0.0
INBK,2017-05-25,26.700000762939453,26.899999618530273,26.25,26.549999237060547,14500,25.089561462402344,0.0
INBK,2017-05-26,26.59000015258789,26.799999237060547,26.25,26.5,8100,25.042312622070312,0.0
INBK,2017-05-30,26.5,26.549999237060547,26.149999618530273,26.350000381469727,10400,24.900562286376953,0.0
INBK,2017-05-31,26.350000381469727,26.350000381469727,25.479999542236328,25.799999237060547,120800,24.380817413330078,0.0
INBK,2017-06-01,25.8799991607666,26.600000381469727,25.600000381469727,26.0,15200,24.569814682006836,0.0
INBK,2017-06-02,26.299999237060547,26.450000762939453,25.950000762939453,26.0,23000,24.569814682006836,0.0
INBK,2017-06-05,25.950000762939453,26.0,25.700000762939453,25.799999237060547,16900,24.380817413330078,0.0
INBK,2017-06-06,25.75,27.0,25.75,26.899999618530273,25700,25.420305252075195,0.0
INBK,2017-06-07,26.93000030517578,27.360000610351562,26.59000015258789,26.850000381469727,12800,25.37305450439453,0.0
INBK,2017-06-08,26.579999923706055,27.25,26.579999923706055,27.0,8700,25.514812469482422,0.0
INBK,2017-06-09,27.350000381469727,28.049999237060547,27.350000381469727,27.850000381469727,37000,26.31804847717285,0.0
INBK,2017-06-12,28.0,28.700000762939453,28.0,28.350000381469727,23700,26.790552139282227,0.0
INBK,2017-06-13,28.299999237060547,28.649999618530273,28.299999237060547,28.399999618530273,8600,26.837791442871094,0.0
INBK,2017-06-14,28.229999542236328,28.229999542236328,27.200000762939453,27.600000381469727,8100,26.08180046081543,0.0
INBK,2017-06-15,27.350000381469727,27.649999618530273,26.649999618530273,26.850000381469727,15000,25.37305450439453,0.0
INBK,2017-06-16,26.700000762939453,27.799999237060547,26.700000762939453,27.350000381469727,22200,25.845558166503906,0.0
INBK,2017-06-19,27.549999237060547,27.700000762939453,27.450000762939453,27.549999237060547,11300,26.034555435180664,0.0
INBK,2017-06-20,26.75,27.610000610351562,26.75,27.549999237060547,9600,26.034555435180664,0.0
INBK,2017-06-21,27.549999237060547,27.799999237060547,27.0,27.399999618530273,19300,25.892803192138672,0.0
INBK,2017-06-22,27.450000762939453,27.75,26.670000076293945,27.350000381469727,18900,25.845558166503906,0.0
INBK,2017-06-23,26.850000381469727,28.850000381469727,26.299999237060547,28.350000381469727,67900,26.790552139282227,0.0
INBK,2017-06-26,28.350000381469727,28.549999237060547,27.780000686645508,27.850000381469727,22200,26.31804847717285,0.0
INBK,2017-06-27,27.600000381469727,28.3799991607666,27.549999237060547,28.149999618530273,33100,26.601551055908203,0.0
INBK,2017-06-28,28.25,28.950000762939453,27.700000762939453,28.200000762939453,32600,26.70572280883789,0.06
INBK,2017-06-29,28.600000381469727,28.700000762939453,27.799999237060547,28.450000762939453,8600,26.942472457885742,0.0
INBK,2017-06-30,28.450000762939453,28.450000762939453,28.0,28.049999237060547,6000,26.56367301940918,0.0
INBK,2017-07-03,28.0,28.799999237060547,27.899999618530273,28.600000381469727,4300,27.084524154663086,0.0
INBK,2017-07-05,28.549999237060547,29.200000762939453,28.25,29.0,6900,27.46333122253418,0.0
INBK,2017-07-06,28.350000381469727,28.899999618530273,28.350000381469727,28.450000762939453,8800,26.942472457885742,0.0
INBK,2017-07-07,28.700000762939453,28.850000381469727,28.700000762939453,28.850000381469727,2900,27.3212833404541,0.0
INBK,2017-07-10,29.350000381469727,29.350000381469727,28.350000381469727,28.399999618530273,14200,26.89512062072754,0.0
INBK,2017-07-11,29.0,29.0,28.200000762939453,28.299999237060547,6000,26.800424575805664,0.0
INBK,2017-07-12,28.299999237060547,28.75,28.25,28.649999618530273,7600,27.131874084472656,0.0
INBK,2017-07-13,28.549999237060547,28.549999237060547,28.0,28.149999618530273,4800,26.658370971679688,0.0
INBK,2017-07-14,28.049999237060547,28.299999237060547,27.5,28.100000381469727,8900,26.61101722717285,0.0
INBK,2017-07-17,28.0,28.350000381469727,27.549999237060547,28.049999237060547,6700,26.56367301940918,0.0
INBK,2017-07-18,27.850000381469727,28.450000762939453,27.25,27.899999618530273,25800,26.421619415283203,0.0
INBK,2017-07-19,28.700000762939453,28.700000762939453,28.100000381469727,28.149999618530273,3500,26.658370971679688,0.0
INBK,2017-07-20,28.25,28.850000381469727,27.549999237060547,28.399999618530273,8600,26.89512062072754,0.0
INBK,2017-07-21,28.850000381469727,31.049999237060547,28.850000381469727,29.649999618530273,49300,28.078889846801758,0.0
INBK,2017-07-24,29.649999618530273,30.93000030517578,29.219999313354492,29.950000762939453,64000,28.362987518310547,0.0
INBK,2017-07-25,30.5,31.0,29.700000762939453,30.700000762939453,28500,29.073251724243164,0.0
INBK,2017-07-26,30.75,31.5,30.75,31.299999237060547,30700,29.641448974609375,0.0
INBK,2017-07-27,31.5,31.75,30.399999618530273,30.600000381469727,19500,28.978548049926758,0.0
INBK,2017-07-28,30.649999618530273,31.600000381469727,30.649999618530273,31.399999618530273,21900,29.73615837097168,0.0
INBK,2017-07-31,31.649999618530273,33.099998474121094,31.579999923706055,32.95000076293945,97800,31.204023361206055,0.0
INBK,2017-08-01,32.95000076293945,33.11000061035156,32.349998474121094,32.95000076293945,40500,31.204023361206055,0.0
INBK,2017-08-02,32.900001525878906,33.150001525878906,32.150001525878906,32.25,16000,30.541114807128906,0.0
INBK,2017-08-03,31.950000762939453,32.0,30.579999923706055,31.149999618530273,34200,29.499406814575195,0.0
INBK,2017-08-04,31.149999618530273,31.75,29.5,30.899999618530273,13200,29.262651443481445,0.0
INBK,2017-08-07,30.899999618530273,31.700000762939453,30.600000381469727,30.850000381469727,18500,29.215301513671875,0.0
INBK,2017-08-08,30.75,31.5,30.450000762939453,30.600000381469727,18800,28.978548049926758,0.0
INBK,2017-08-09,30.489999771118164,31.0,30.0,30.450000762939453,21300,28.836496353149414,0.0
INBK,2017-08-10,30.350000381469727,30.649999618530273,30.100000381469727,30.149999618530273,39500,28.55239486694336,0.0
INBK,2017-08-11,30.25,30.25,29.899999618530273,30.0,26300,28.410341262817383,0.0
INBK,2017-08-14,30.299999237060547,31.399999618530273,30.149999618530273,31.0,25400,29.35734748840332,0.0
INBK,2017-08-15,31.25,31.299999237060547,31.0,31.149999618530273,14700,29.499406814575195,0.0
INBK,2017-08-16,31.200000762939453,31.299999237060547,30.799999237060547,30.899999618530273,9300,29.262651443481445,0.0
INBK,2017-08-17,30.75,30.950000762939453,30.079999923706055,30.700000762939453,34500,29.073251724243164,0.0
INBK,2017-08-18,30.450000762939453,30.950000762939453,30.399999618530273,30.899999618530273,19900,29.262651443481445,0.0
INBK,2017-08-21,30.700000762939453,30.700000762939453,30.079999923706055,30.149999618530273,12500,28.55239486694336,0.0
INBK,2017-08-22,30.5,30.75,30.280000686645508,30.649999618530273,17000,29.025897979736328,0.0
INBK,2017-08-23,30.399999618530273,30.600000381469727,30.149999618530273,30.549999237060547,7800,28.93120002746582,0.0
INBK,2017-08-24,30.549999237060547,30.600000381469727,30.299999237060547,30.600000381469727,10000,28.978548049926758,0.0
INBK,2017-08-25,30.600000381469727,31.350000381469727,30.25,31.25,14600,29.594106674194336,0.0
INBK,2017-08-28,31.200000762939453,32.0,30.700000762939453,31.549999237060547,50200,29.878210067749023,0.0
INBK,2017-08-29,31.600000381469727,32.0,31.549999237060547,31.950000762939453,34900,30.25701332092285,0.0
INBK,2017-08-30,32.0,32.0,31.75,31.899999618530273,31600,30.20966148376465,0.0
INBK,2017-08-31,32.0,32.04999923706055,31.75,31.799999237060547,25200,30.11496353149414,0.0
INBK,2017-09-01,31.899999618530273,33.099998474121094,31.899999618530273,33.0,26400,31.251384735107422,0.0
INBK,2017-09-05,33.0,33.349998474121094,32.0,32.099998474121094,28100,30.399065017700195,0.0
INBK,2017-09-06,32.29999923706055,32.349998474121094,31.5,31.549999237060547,20200,29.878210067749023,0.0
INBK,2017-09-07,31.600000381469727,31.600000381469727,30.600000381469727,30.850000381469727,31300,29.215301513671875,0.0
INBK,2017-09-08,30.700000762939453,31.299999237060547,30.450000762939453,30.5,28000,28.88384437561035,0.0
INBK,2017-09-11,30.600000381469727,31.100000381469727,30.549999237060547,30.75,20600,29.1205997467041,0.0
INBK,2017-09-12,30.799999237060547,31.700000762939453,30.799999237060547,31.299999237060547,17800,29.641448974609375,0.0
INBK,2017-09-13,31.149999618530273,31.549999237060547,30.5,31.0,34700,29.35734748840332,0.0
INBK,2017-09-14,31.049999237060547,31.549999237060547,30.809999465942383,31.049999237060547,11900,29.404701232910156,0.0
INBK,2017-09-15,29.25,29.5,28.899999618530273,29.100000381469727,740200,27.558025360107422,0.0
INBK,2017-09-18,29.299999237060547,29.5,29.049999237060547,29.450000762939453,213100,27.88948631286621,0.0
INBK,2017-09-19,29.5,30.200000762939453,29.459999084472656,30.100000381469727,241400,28.505041122436523,0.0
INBK,2017-09-20,30.149999618530273,30.25,29.950000762939453,30.149999618530273,139900,28.55239486694336,0.0
INBK,2017-09-21,30.149999618530273,30.25,29.649999618530273,30.049999237060547,65500,28.457691192626953,0.0
INBK,2017-09-22,30.100000381469727,31.200000762939453,29.950000762939453,31.0,52200,29.35734748840332,0.0
INBK,2017-09-25,31.0,31.850000381469727,30.0,30.100000381469727,102200,28.505041122436523,0.0
INBK,2017-09-26,30.149999618530273,31.399999618530273,30.1299991607666,30.950000762939453,116100,29.309999465942383,0.0
INBK,2017-09-27,31.299999237060547,32.25,31.149999618530273,31.75,97900,30.067615509033203,0.0
INBK,2017-09-28,31.850000381469727,32.5,31.100000381469727,32.45000076293945,66600,30.7887020111084,0.06
INBK,2017-09-29,32.5,32.79999923706055,32.099998474121094,32.29999923706055,110900,30.646377563476562,0.0
INBK,2017-10-02,32.45000076293945,33.29999923706055,32.349998474121094,33.20000076293945,56700,31.50031280517578,0.0
INBK,2017-10-03,33.0,33.29999923706055,32.75,33.0,47800,31.31055450439453,0.0
INBK,2017-10-04,33.0,33.25,32.900001525878906,33.099998474121094,48900,31.405426025390625,0.0
INBK,2017-10-05,33.29999923706055,34.650001525878906,33.150001525878906,34.5,80700,32.7337532043457,0.0
INBK,2017-10-06,34.849998474121094,35.20000076293945,34.20000076293945,34.54999923706055,45000,32.78119659423828,0.0
INBK,2017-10-09,34.79999923706055,35.20000076293945,34.20000076293945,34.599998474121094,55000,32.82863235473633,0.0
INBK,2017-10-10,34.849998474121094,34.849998474121094,34.099998474121094,34.650001525878906,32600,32.87607192993164,0.0
INBK,2017-10-11,34.650001525878906,34.95000076293945,34.099998474121094,34.849998474121094,33300,33.06583023071289,0.0
INBK,2017-10-12,34.95000076293945,34.95000076293945,34.54999923706055,34.54999923706055,39200,32.78119659423828,0.0
INBK,2017-10-13,34.5,34.599998474121094,33.52000045776367,34.54999923706055,40000,32.78119659423828,0.0
INBK,2017-10-16,34.54999923706055,34.95000076293945,34.25,34.54999923706055,54000,32.78119659423828,0.0
INBK,2017-10-17,34.5,34.5,33.79999923706055,33.900001525878906,23400,32.16446304321289,0.0
INBK,2017-10-18,34.0,34.29999923706055,33.75,34.20000076293945,41300,32.449100494384766,0.0
INBK,2017-10-19,34.29999923706055,34.400001525878906,33.599998474121094,34.25,27100,32.49655532836914,0.0
INBK,2017-10-20,34.79999923706055,37.66999816894531,34.79999923706055,37.0,178400,35.10576248168945,0.0
INBK,2017-10-23,37.150001525878906,37.79999923706055,36.29999923706055,37.04999923706055,145800,35.1532096862793,0.0
INBK,2017-10-24,37.099998474121094,38.599998474121094,36.040000915527344,37.45000076293945,112900,35.53273010253906,0.0
INBK,2017-10-25,37.400001525878906,38.54999923706055,36.650001525878906,38.54999923706055,72500,36.57640838623047,0.0
INBK,2017-10-26,38.599998474121094,39.099998474121094,37.97999954223633,38.20000076293945,30800,36.24433135986328,0.0
INBK,2017-10-27,38.25,39.20000076293945,37.54999923706055,39.099998474121094,37100,37.098243713378906,0.0
INBK,2017-10-30,38.849998474121094,38.900001525878906,37.900001525878906,38.5,45300,36.52898025512695,0.0
INBK,2017-10-31,38.599998474121094,39.0,37.650001525878906,37.70000076293945,67600,35.769920349121094,0.0
INBK,2017-11-01,38.0,38.0,37.0,37.400001525878906,36300,35.485286712646484,0.0
INBK,2017-11-02,37.349998474121094,38.29999923706055,37.0099983215332,37.75,33300,35.81735610961914,0.0
INBK,2017-11-03,37.75,37.79999923706055,37.25,37.400001525878906,26800,35.485286712646484,0.0
INBK,2017-11-06,37.45000076293945,37.79999923706055,37.099998474121094,37.650001525878906,19700,35.722496032714844,0.0
INBK,2017-11-07,37.650001525878906,37.650001525878906,36.45000076293945,36.5,36700,34.6313591003418,0.0
INBK,2017-11-08,36.54999923706055,36.54999923706055,35.349998474121094,35.849998474121094,22000,34.014625549316406,0.0
INBK,2017-11-09,35.119998931884766,35.95000076293945,35.099998474121094,35.849998474121094,28100,34.014625549316406,0.0
INBK,2017-11-10,35.849998474121094,36.5,35.72999954223633,36.150001525878906,30500,34.299278259277344,0.0
INBK,2017-11-13,36.20000076293945,37.2400016784668,35.650001525878906,36.0,26600,34.15696716308594,0.0
INBK,2017-11-14,35.75,37.599998474121094,35.400001525878906,37.25,67400,35.34296798706055,0.0
INBK,2017-11-15,37.099998474121094,37.099998474121094,36.45000076293945,36.5,44900,34.6313591003418,0.0
INBK,2017-11-16,36.900001525878906,37.0,36.650001525878906,36.849998474121094,15500,34.96344757080078,0.0
INBK,2017-11-17,36.599998474121094,36.849998474121094,36.349998474121094,36.70000076293945,24500,34.82112503051758,0.0
INBK,2017-11-20,36.75,39.04999923706055,36.75,38.900001525878906,54100,36.90849304199219,0.0
INBK,2017-11-21,39.0,39.099998474121094,38.75,39.0,24300,37.00336837768555,0.0
INBK,2017-11-22,39.0,39.400001525878906,38.25,38.349998474121094,19600,36.38665008544922,0.0
INBK,2017-11-24,38.5,38.79999923706055,37.54999923706055,37.900001525878906,23100,35.95969772338867,0.0
INBK,2017-11-27,37.900001525878906,38.45000076293945,37.54999923706055,38.0,34600,36.05457305908203,0.0
INBK,2017-11-28,38.150001525878906,39.20000076293945,38.04999923706055,38.95000076293945,42400,36.955936431884766,0.0
INBK,2017-11-29,39.400001525878906,40.54999923706055,39.029998779296875,40.0,41400,37.95217514038086,0.0
INBK,2017-11-30,40.150001525878906,40.650001525878906,39.75,39.849998474121094,80400,37.80984878540039,0.0
INBK,2017-12-01,40.0,40.349998474121094,38.45000076293945,39.900001525878906,40100,37.85729217529297,0.0
INBK,2017-12-04,40.599998474121094,41.0,40.099998474121094,40.150001525878906,43700,38.09449768066406,0.0
INBK,2017-12-05,40.25,41.20000076293945,39.95000076293945,40.20000076293945,23100,38.141937255859375,0.0
INBK,2017-12-06,40.099998474121094,40.349998474121094,39.29999923706055,39.349998474121094,25900,37.335453033447266,0.0
INBK,2017-12-07,39.400001525878906,40.04999923706055,38.79999923706055,38.95000076293945,26100,36.955936431884766,0.0
INBK,2017-12-08,39.04999923706055,39.599998474121094,38.54999923706055,38.79999923706055,17900,36.8136100769043,0.0
INBK,2017-12-11,38.70000076293945,38.75,38.0,38.150001525878906,33600,36.196895599365234,0.0
INBK,2017-12-12,38.20000076293945,38.72999954223633,38.04999923706055,38.29999923706055,29400,36.33920669555664,0.0
INBK,2017-12-13,38.45000076293945,39.75,38.400001525878906,38.5,25500,36.52898025512695,0.0
INBK,2017-12-14,38.54999923706055,39.25,37.79999923706055,38.0,25800,36.05457305908203,0.0
INBK,2017-12-15,37.95000076293945,39.04999923706055,37.849998474121094,39.0,207900,37.00336837768555,0.0
INBK,2017-12-18,39.349998474121094,41.0,39.349998474121094,40.29999923706055,30500,38.23681640625,0.0
INBK,2017-12-19,40.349998474121094,40.5,39.150001525878906,39.25,21100,37.240570068359375,0.0
INBK,2017-12-20,39.5,39.5,38.70000076293945,38.849998474121094,16600,36.861053466796875,0.0
INBK,2017-12-21,38.95000076293945,40.349998474121094,38.849998474121094,40.0,30600,37.95217514038086,0.0
INBK,2017-12-22,40.099998474121094,40.70000076293945,39.599998474121094,40.04999923706055,27200,37.99961853027344,0.0
INBK,2017-12-26,40.099998474121094,40.099998474121094,38.75,39.20000076293945,22800,37.193138122558594,0.0
INBK,2017-12-27,39.25,39.7400016784668,38.75,39.0,26600,37.00336837768555,0.0
INBK,2017-12-28,39.25,39.5,38.75,39.25,14700,37.29795837402344,0.06
INBK,2017-12-29,39.29999923706055,39.29999923706055,38.04999923706055,38.150001525878906,22000,36.25265121459961,0.0
INBK,2018-01-02,38.5,38.70000076293945,37.45000076293945,37.650001525878906,24400,35.777530670166016,0.0
INBK,2018-01-03,37.54999923706055,37.95000076293945,37.099998474121094,37.849998474121094,25400,35.96757888793945,0.0
INBK,2018-01-04,37.95000076293945,39.04999923706055,37.599998474121094,39.0,25400,37.06038284301758,0.0
INBK,2018-01-05,39.04999923706055,39.45000076293945,38.040000915527344,38.95000076293945,22800,37.01287841796875,0.0
INBK,2018-01-08,38.79999923706055,39.29999923706055,38.349998474121094,38.75,19100,36.82281494140625,0.0
INBK,2018-01-09,38.849998474121094,39.400001525878906,38.79999923706055,39.25,10500,37.29795837402344,0.0
INBK,2018-01-10,39.25,40.0,39.150001525878906,39.599998474121094,31000,37.630550384521484,0.0
INBK,2018-01-11,39.70000076293945,41.45000076293945,39.20000076293945,40.650001525878906,33600,38.628334045410156,0.0
INBK,2018-01-12,41.04999923706055,42.400001525878906,40.650001525878906,40.95000076293945,20400,38.91341018676758,0.0
INBK,2018-01-16,41.25,41.5,40.400001525878906,40.5,33500,38.48578643798828,0.0
INBK,2018-01-17,40.900001525878906,40.900001525878906,39.79999923706055,40.5,39300,38.48578643798828,0.0
INBK,2018-01-18,40.29999923706055,41.45000076293945,40.099998474121094,40.150001525878906,15800,38.1531982421875,0.0
INBK,2018-01-19,40.099998474121094,41.880001068115234,40.099998474121094,41.349998474121094,43200,39.293514251708984,0.0
INBK,2018-01-22,40.29999923706055,40.95000076293945,38.04999923706055,39.900001525878906,72600,37.91563034057617,0.0
INBK,2018-01-23,39.599998474121094,40.70000076293945,39.0,39.20000076293945,36100,37.25043869018555,0.0
INBK,2018-01-24,39.5,39.54999923706055,38.150001525878906,38.75,40100,36.82281494140625,0.0
INBK,2018-01-25,38.95000076293945,38.95000076293945,37.599998474121094,37.849998474121094,55500,35.96757888793945,0.0
INBK,2018-01-26,38.04999923706055,38.04999923706055,37.20000076293945,37.79999923706055,32400,35.920074462890625,0.0
INBK,2018-01-29,37.70000076293945,37.79999923706055,37.25,37.349998474121094,33500,35.4924430847168,0.0
INBK,2018-01-30,37.150001525878906,37.75,36.20000076293945,36.95000076293945,66000,35.112335205078125,0.0
INBK,2018-01-31,37.04999923706055,39.95000076293945,36.779998779296875,37.45000076293945,43600,35.587467193603516,0.0
INBK,2018-02-01,37.29999923706055,37.79999923706055,36.849998474121094,37.5,41200,35.634986877441406,0.0
INBK,2018-02-02,37.29999923706055,38.79999923706055,37.04999923706055,37.54999923706055,46600,35.68250274658203,0.0
INBK,2018-02-05,37.25,38.099998474121094,36.0,36.45000076293945,39300,34.637210845947266,0.0
INBK,2018-02-06,35.849998474121094,37.099998474121094,34.400001525878906,36.25,47800,34.4471549987793,0.0
INBK,2018-02-07,36.150001525878906,36.95000076293945,36.0,36.900001525878906,19200,35.06482696533203,0.0
INBK,2018-02-08,36.849998474121094,37.70000076293945,36.099998474121094,36.099998474121094,32300,34.30461120605469,0.0
INBK,2018-02-09,36.45000076293945,37.0,35.29999923706055,36.45000076293945,33200,34.637210845947266,0.0
INBK,2018-02-12,36.54999923706055,37.75,35.75,36.75,36000,34.92228698730469,0.0
INBK,2018-02-13,36.599998474121094,37.20000076293945,36.150001525878906,36.79999923706055,18000,34.96979522705078,0.0
INBK,2018-02-14,36.599998474121094,37.5,36.599998474121094,37.349998474121094,25400,35.4924430847168,0.0
INBK,2018-02-15,37.599998474121094,38.45000076293945,36.79999923706055,37.20000076293945,14600,35.349910736083984,0.0
INBK,2018-02-16,37.04999923706055,37.900001525878906,36.79999923706055,37.29999923706055,21600,35.44493865966797,0.0
INBK,2018-02-20,37.099998474121094,37.349998474121094,36.130001068115234,36.900001525878906,19500,35.06482696533203,0.0
INBK,2018-02-21,37.08000183105469,38.150001525878906,37.08000183105469,37.20000076293945,24400,35.349910736083984,0.0
INBK,2018-02-22,37.25,37.45000076293945,36.70000076293945,36.849998474121094,13600,35.017311096191406,0.0
INBK,2018-02-23,37.25,37.54999923706055,36.779998779296875,37.29999923706055,12400,35.44493865966797,0.0
INBK,2018-02-26,37.349998474121094,38.20000076293945,36.91999816894531,38.099998474121094,16500,36.20514678955078,0.0
INBK,2018-02-27,38.099998474121094,38.5,37.900001525878906,38.04999923706055,41800,36.157630920410156,0.0
INBK,2018-02-28,38.150001525878906,38.5099983215332,37.650001525878906,37.849998474121094,41500,35.96757888793945,0.0
INBK,2018-03-01,37.849998474121094,38.0,37.150001525878906,37.45000076293945,29100,35.587467193603516,0.0
INBK,2018-03-02,37.5,38.150001525878906,37.150001525878906,38.0,28500,36.110130310058594,0.0
INBK,2018-03-05,38.04999923706055,38.599998474121094,37.20000076293945,38.29999923706055,36500,36.39521026611328,0.0
INBK,2018-03-06,38.45000076293945,38.849998474121094,37.5,38.75,21100,36.82281494140625,0.0
INBK,2018-03-07,38.5,38.70000076293945,38.29999923706055,38.45000076293945,37000,36.537742614746094,0.0
INBK,2018-03-08,38.650001525878906,38.650001525878906,38.29999923706055,38.400001525878906,28200,36.49022674560547,0.0
INBK,2018-03-09,38.70000076293945,38.70000076293945,38.400001525878906,38.5,44500,36.58525085449219,0.0
INBK,2018-03-12,38.650001525878906,39.349998474121094,38.54999923706055,39.0,32100,37.06038284301758,0.0
INBK,2018-03-13,39.29999923706055,39.70000076293945,38.5,38.849998474121094,22100,36.9178466796875,0.0
INBK,2018-03-14,38.849998474121094,39.25,38.349998474121094,38.45000076293945,22500,36.537742614746094,0.0
INBK,2018-03-15,38.5,38.54999923706055,37.900001525878906,38.29999923706055,27100,36.39521026611328,0.0
INBK,2018-03-16,38.25,38.79999923706055,38.20000076293945,38.70000076293945,44800,36.775306701660156,0.0
INBK,2018-03-19,38.54999923706055,39.54999923706055,38.349998474121094,39.349998474121094,22700,37.392982482910156,0.0
INBK,2018-03-20,39.349998474121094,39.599998474121094,38.150001525878906,38.349998474121094,19200,36.44271469116211,0.0
INBK,2018-03-21,38.400001525878906,39.099998474121094,38.0,38.349998474121094,25000,36.44271469116211,0.0
INBK,2018-03-22,38.099998474121094,38.599998474121094,37.04999923706055,37.400001525878906,37200,35.53996658325195,0.0
INBK,2018-03-23,37.5,37.75,35.650001525878906,35.75,39100,33.97201919555664,0.0
INBK,2018-03-26,36.29999923706055,36.849998474121094,35.900001525878906,36.400001525878906,32500,34.589691162109375,0.0
INBK,2018-03-27,36.5,37.54999923706055,36.5,36.75,16800,34.92228698730469,0.0
INBK,2018-03-28,36.75,38.04999923706055,36.529998779296875,36.849998474121094,20700,35.07457733154297,0.06
INBK,2018-03-29,36.95000076293945,37.72999954223633,36.79999923706055,37.0,21100,35.217350006103516,0.0
INBK,2018-04-02,36.95000076293945,37.04999923706055,34.599998474121094,35.70000076293945,50000,33.979984283447266,0.0
INBK,2018-04-03,35.900001525878906,36.45000076293945,35.599998474121094,36.0,12700,34.265533447265625,0.0
INBK,2018-04-04,35.650001525878906,37.099998474121094,35.5,36.79999923706055,20300,35.0269889831543,0.0
INBK,2018-04-05,36.95000076293945,37.599998474121094,36.54999923706055,37.400001525878906,12800,35.598079681396484,0.0
INBK,2018-04-06,37.099998474121094,37.20000076293945,36.029998779296875,36.45000076293945,14300,34.69386291503906,0.0
INBK,2018-04-09,36.75,37.04999923706055,36.20000076293945,36.349998474121094,37100,34.59866714477539,0.0
INBK,2018-04-10,36.650001525878906,37.0,36.45000076293945,36.79999923706055,11300,35.0269889831543,0.0
INBK,2018-04-11,36.5,36.72999954223633,36.150001525878906,36.349998474121094,15300,34.59866714477539,0.0
INBK,2018-04-12,36.45000076293945,37.20000076293945,36.45000076293945,37.04999923706055,16200,35.264949798583984,0.0
INBK,2018-04-13,37.25,37.400001525878906,35.95000076293945,36.150001525878906,45300,34.40830993652344,0.0
INBK,2018-04-16,36.349998474121094,37.400001525878906,36.099998474121094,37.25,29100,35.4553108215332,0.0
INBK,2018-04-17,37.599998474121094,37.599998474121094,36.75,36.849998474121094,15700,35.07457733154297,0.0
INBK,2018-04-18,37.04999923706055,37.20000076293945,36.0,36.25,19100,34.503482818603516,0.0
INBK,2018-04-19,36.099998474121094,37.099998474121094,36.0,36.849998474121094,21400,35.07457733154297,0.0
INBK,2018-04-20,35.79999923706055,38.029998779296875,35.79999923706055,36.54999923706055,53700,34.78902816772461,0.0
INBK,2018-04-23,36.54999923706055,36.849998474121094,36.099998474121094,36.150001525878906,45300,34.40830993652344,0.0
INBK,2018-04-24,36.5,36.900001525878906,35.900001525878906,36.150001525878906,55300,34.40830993652344,0.0
INBK,2018-04-25,36.04999923706055,36.599998474121094,35.5,35.650001525878906,46500,33.93239974975586,0.0
INBK,2018-04-26,35.599998474121094,36.33000183105469,35.349998474121094,35.5,33400,33.78962326049805,0.0
INBK,2018-04-27,35.650001525878906,35.650001525878906,34.79999923706055,34.900001525878906,29500,33.218528747558594,0.0
INBK,2018-04-30,35.04999923706055,35.04999923706055,34.0,34.20000076293945,48800,32.552249908447266,0.0
INBK,2018-05-01,34.150001525878906,34.56999969482422,32.95000076293945,33.599998474121094,22000,31.981163024902344,0.0
INBK,2018-05-02,33.54999923706055,34.400001525878906,33.45000076293945,34.29999923706055,24300,32.647438049316406,0.0
INBK,2018-05-03,34.20000076293945,34.650001525878906,32.54999923706055,32.79999923706055,24000,31.219701766967773,0.0
INBK,2018-05-04,32.599998474121094,33.70000076293945,32.54999923706055,33.45000076293945,13700,31.838390350341797,0.0
INBK,2018-05-07,33.400001525878906,33.650001525878906,32.54999923706055,32.650001525878906,34500,31.07693099975586,0.0
INBK,2018-05-08,32.599998474121094,33.599998474121094,32.599998474121094,33.25,28100,31.648029327392578,0.0
INBK,2018-05-09,33.25,33.75,33.25,33.349998474121094,28000,31.743206024169922,0.0
INBK,2018-05-10,33.45000076293945,34.25,33.099998474121094,34.099998474121094,20900,32.457069396972656,0.0
INBK,2018-05-11,34.0,34.20000076293945,33.650001525878906,33.95000076293945,28800,32.31429672241211,0.0
INBK,2018-05-14,34.0,34.04999923706055,33.150001525878906,33.20000076293945,54700,31.600433349609375,0.0
INBK,2018-05-15,33.04999923706055,33.20000076293945,32.900001525878906,33.099998474121094,18200,31.5052547454834,0.0
INBK,2018-05-16,33.04999923706055,33.810001373291016,33.04999923706055,33.54999923706055,18900,31.933576583862305,0.0
INBK,2018-05-17,33.45000076293945,34.25,33.45000076293945,34.04999923706055,14100,32.409481048583984,0.0
INBK,2018-05-18,34.20000076293945,34.70000076293945,33.900001525878906,34.20000076293945,35200,32.552249908447266,0.0
INBK,2018-05-21,34.95000076293945,37.0,34.95000076293945,36.849998474121094,74100,35.07457733154297,0.0
INBK,2018-05-22,36.849998474121094,36.849998474121094,34.310001373291016,36.099998474121094,23200,34.3607177734375,0.0
INBK,2018-05-23,36.04999923706055,36.349998474121094,36.0,36.099998474121094,24100,34.3607177734375,0.0
INBK,2018-05-24,36.150001525878906,36.25,35.630001068115234,35.75,46400,34.02758026123047,0.0
INBK,2018-05-25,35.79999923706055,35.900001525878906,35.04999923706055,35.650001525878906,35400,33.93239974975586,0.0
INBK,2018-05-29,35.45000076293945,36.0,34.349998474121094,34.849998474121094,26700,33.170936584472656,0.0
INBK,2018-05-30,34.900001525878906,36.25,34.900001525878906,35.45000076293945,27800,33.742034912109375,0.0
INBK,2018-05-31,35.400001525878906,36.400001525878906,35.04999923706055,35.29999923706055,26300,33.59925842285156,0.0
INBK,2018-06-01,35.5,36.349998474121094,34.70000076293945,35.099998474121094,39000,33.40888977050781,0.0
INBK,2018-06-04,35.29999923706055,35.599998474121094,34.349998474121094,35.349998474121094,39000,33.646846771240234,0.0
INBK,2018-06-05,35.45000076293945,35.5,34.849998474121094,35.400001525878906,26300,33.69444274902344,0.0
INBK,2018-06-06,35.5,35.54999923706055,35.25,35.400001525878906,23100,33.69444274902344,0.0
INBK,2018-06-07,33.400001525878906,33.849998474121094,33.25,33.25,625200,31.648029327392578,0.0
INBK,2018-06-08,33.150001525878906,33.5,32.95000076293945,33.400001525878906,126100,31.790796279907227,0.0
INBK,2018-06-11,33.349998474121094,35.5,33.099998474121094,33.5,89400,31.885982513427734,0.0
INBK,2018-06-12,33.5,33.95000076293945,33.130001068115234,33.75,59700,32.12393569946289,0.0
INBK,2018-06-13,33.70000076293945,34.95000076293945,33.70000076293945,34.75,75300,33.07575607299805,0.0
INBK,2018-06-14,35.0,35.54999923706055,34.75,34.95000076293945,124100,33.26611328125,0.0
INBK,2018-06-15,34.70000076293945,35.04999923706055,33.95000076293945,34.04999923706055,91100,32.409481048583984,0.0
INBK,2018-06-18,33.95000076293945,34.900001525878906,33.599998474121094,34.75,122900,33.07575607299805,0.0
INBK,2018-06-19,34.650001525878906,34.849998474121094,34.150001525878906,34.79999923706055,105000,33.123348236083984,0.0
INBK,2018-06-20,34.900001525878906,35.04999923706055,34.25,34.849998474121094,115700,33.170936584472656,0.0
INBK,2018-06-21,34.79999923706055,35.25,34.650001525878906,34.849998474121094,108800,33.170936584472656,0.0
INBK,2018-06-22,34.900001525878906,35.099998474121094,34.0,34.400001525878906,223400,32.74262237548828,0.0
INBK,2018-06-25,34.25,34.79999923706055,34.150001525878906,34.25,52600,32.59984588623047,0.0
INBK,2018-06-26,34.349998474121094,34.849998474121094,34.16999816894531,34.20000076293945,71600,32.552249908447266,0.0
INBK,2018-06-27,34.25,34.599998474121094,33.5,33.650001525878906,183700,32.028751373291016,0.0
INBK,2018-06-28,33.599998474121094,34.20000076293945,33.5,33.650001525878906,40500,32.08596420288086,0.06
INBK,2018-06-29,33.95000076293945,34.16999816894531,33.849998474121094,34.099998474121094,74600,32.515045166015625,0.0
INBK,2018-07-02,33.849998474121094,34.29999923706055,33.849998474121094,34.04999923706055,56800,32.467376708984375,0.0
INBK,2018-07-03,34.099998474121094,34.349998474121094,34.099998474121094,34.099998474121094,20400,32.515045166015625,0.0
INBK,2018-07-05,34.29999923706055,34.29999923706055,34.0,34.04999923706055,15500,32.467376708984375,0.0
INBK,2018-07-06,34.04999923706055,34.349998474121094,33.95000076293945,34.099998474121094,44400,32.515045166015625,0.0
INBK,2018-07-09,34.150001525878906,34.31999969482422,34.099998474121094,34.20000076293945,69100,32.61039352416992,0.0
INBK,2018-07-10,34.20000076293945,34.29999923706055,33.79999923706055,34.150001525878906,38800,32.56272888183594,0.0
INBK,2018-07-11,33.95000076293945,34.25,33.709999084472656,34.04999923706055,25000,32.467376708984375,0.0
INBK,2018-07-12,34.150001525878906,34.150001525878906,33.650001525878906,34.04999923706055,23100,32.467376708984375,0.0
INBK,2018-07-13,34.0,34.0,33.29999923706055,33.599998474121094,57300,32.038291931152344,0.0
INBK,2018-07-16,33.599998474121094,33.95000076293945,33.54999923706055,33.900001525878906,45200,32.3243408203125,0.0
INBK,2018-07-17,33.95000076293945,34.150001525878906,33.70000076293945,33.79999923706055,77800,32.2289924621582,0.0
INBK,2018-07-18,33.79999923706055,34.04999923706055,33.5,33.79999923706055,97900,32.2289924621582,0.0
INBK,2018-07-19,33.79999923706055,34.0,33.650001525878906,33.849998474121094,33400,32.27666473388672,0.0
INBK,2018-07-20,33.599998474121094,33.599998474121094,30.549999237060547,32.04999923706055,254200,30.560327529907227,0.0
INBK,2018-07-23,31.0,31.399999618530273,30.579999923706055,31.299999237060547,102900,29.845190048217773,0.0
INBK,2018-07-24,31.25,31.25,30.5,30.600000381469727,76000,29.1777286529541,0.0
INBK,2018-07-25,30.549999237060547,30.700000762939453,30.0,30.5,197100,29.082378387451172,0.0
INBK,2018-07-26,30.450000762939453,31.200000762939453,30.450000762939453,30.950000762939453,49700,29.511459350585938,0.0
INBK,2018-07-27,30.950000762939453,31.040000915527344,30.5,30.600000381469727,49800,29.1777286529541,0.0
INBK,2018-07-30,30.649999618530273,31.5,30.649999618530273,31.350000381469727,56400,29.892868041992188,0.0
INBK,2018-07-31,31.399999618530273,31.850000381469727,31.350000381469727,31.799999237060547,53900,30.321949005126953,0.0
INBK,2018-08-01,31.75,31.799999237060547,31.399999618530273,31.549999237060547,38900,30.083572387695312,0.0
INBK,2018-08-02,31.450000762939453,32.25,31.399999618530273,32.04999923706055,56400,30.560327529907227,0.0
INBK,2018-08-03,32.150001525878906,32.25,31.200000762939453,31.950000762939453,40000,30.464981079101562,0.0
INBK,2018-08-06,31.950000762939453,32.20000076293945,31.760000228881836,32.0,53800,30.51265525817871,0.0
INBK,2018-08-07,31.75,32.150001525878906,31.700000762939453,32.150001525878906,102500,30.655683517456055,0.0
INBK,2018-08-08,32.20000076293945,32.29999923706055,31.799999237060547,32.099998474121094,40800,30.608007431030273,0.0
INBK,2018-08-09,32.04999923706055,32.45000076293945,31.5,31.549999237060547,26600,30.083572387695312,0.0
INBK,2018-08-10,31.399999618530273,31.5,31.0,31.350000381469727,23400,29.892868041992188,0.0
INBK,2018-08-13,31.350000381469727,31.350000381469727,31.049999237060547,31.100000381469727,16100,29.65448570251465,0.0
INBK,2018-08-14,31.200000762939453,31.850000381469727,31.139999389648438,31.850000381469727,52300,30.36962890625,0.0
INBK,2018-08-15,31.75,31.75,30.649999618530273,30.649999618530273,64600,29.225404739379883,0.0
INBK,2018-08-16,30.75,31.399999618530273,30.75,31.200000762939453,18500,29.749841690063477,0.0
INBK,2018-08-17,31.149999618530273,31.299999237060547,31.0,31.25,34600,29.797515869140625,0.0
INBK,2018-08-20,31.299999237060547,31.399999618530273,30.549999237060547,30.950000762939453,146900,29.511459350585938,0.0
INBK,2018-08-21,31.0,31.75,31.0,31.200000762939453,91200,29.749841690063477,0.0
INBK,2018-08-22,31.149999618530273,31.850000381469727,30.850000381469727,31.549999237060547,150100,30.083572387695312,0.0
INBK,2018-08-23,31.350000381469727,31.450000762939453,31.100000381469727,31.450000762939453,48900,29.98822021484375,0.0
INBK,2018-08-24,31.5,31.5,31.049999237060547,31.25,67300,29.797515869140625,0.0
INBK,2018-08-27,31.399999618530273,31.700000762939453,31.299999237060547,31.649999618530273,124100,30.178924560546875,0.0
INBK,2018-08-28,31.75,31.799999237060547,31.450000762939453,31.700000762939453,34900,30.22659683227539,0.0
INBK,2018-08-29,31.610000610351562,31.850000381469727,31.549999237060547,31.649999618530273,44800,30.178924560546875,0.0
INBK,2018-08-30,31.649999618530273,31.700000762939453,31.399999618530273,31.399999618530273,23500,29.940540313720703,0.0
INBK,2018-08-31,31.299999237060547,31.5,31.25,31.450000762939453,34200,29.98822021484375,0.0
INBK,2018-09-04,31.450000762939453,31.450000762939453,30.799999237060547,31.0,57900,29.559131622314453,0.0
INBK,2018-09-05,30.899999618530273,31.329999923706055,30.799999237060547,31.149999618530273,31600,29.702163696289062,0.0
INBK,2018-09-06,31.049999237060547,31.200000762939453,30.75,31.100000381469727,27300,29.65448570251465,0.0
INBK,2018-09-07,31.229999542236328,31.299999237060547,31.0,31.100000381469727,28100,29.65448570251465,0.0
INBK,2018-09-10,31.25,31.5,30.850000381469727,31.0,28000,29.559131622314453,0.0
INBK,2018-09-11,30.850000381469727,31.049999237060547,30.450000762939453,30.549999237060547,69700,29.130050659179688,0.0
INBK,2018-09-12,30.549999237060547,31.299999237060547,30.549999237060547,31.149999618530273,46200,29.702163696289062,0.0
INBK,2018-09-13,31.229999542236328,31.399999618530273,30.600000381469727,30.700000762939453,33800,29.273082733154297,0.0
INBK,2018-09-14,30.850000381469727,31.549999237060547,30.600000381469727,31.450000762939453,32900,29.98822021484375,0.0
INBK,2018-09-17,31.450000762939453,31.549999237060547,30.5,30.600000381469727,35000,29.1777286529541,0.0
INBK,2018-09-18,30.600000381469727,31.25,30.549999237060547,31.149999618530273,45300,29.702163696289062,0.0
INBK,2018-09-19,31.100000381469727,31.780000686645508,31.0,31.350000381469727,20400,29.892868041992188,0.0
INBK,2018-09-20,31.5,32.150001525878906,31.350000381469727,31.700000762939453,43600,30.22659683227539,0.0
INBK,2018-09-21,31.799999237060547,31.950000762939453,31.0,31.0,177800,29.559131622314453,0.0
INBK,2018-09-24,31.049999237060547,31.5,29.950000762939453,30.700000762939453,63900,29.273082733154297,0.0
INBK,2018-09-25,30.75,31.350000381469727,30.700000762939453,31.0,23300,29.559131622314453,0.0
INBK,2018-09-26,31.049999237060547,31.100000381469727,30.5,30.75,124300,29.32075309753418,0.0
INBK,2018-09-27,30.649999618530273,30.700000762939453,30.299999237060547,30.450000762939453,21100,29.091463088989258,0.06
INBK,2018-09-28,30.399999618530273,30.700000762939453,30.25,30.450000762939453,20500,29.091463088989258,0.0
INBK,2018-10-01,30.489999771118164,31.25,29.290000915527344,29.5,35000,28.18384552001953,0.0
INBK,2018-10-02,29.450000762939453,29.729999542236328,28.90999984741211,29.68000030517578,44500,28.355819702148438,0.0
INBK,2018-10-03,29.690000534057617,30.780000686645508,29.690000534057617,30.670000076293945,26100,29.301645278930664,0.0
INBK,2018-10-04,30.65999984741211,30.8700008392334,30.469999313354492,30.6200008392334,28700,29.253875732421875,0.0
INBK,2018-10-05,30.610000610351562,30.700000762939453,29.850000381469727,29.989999771118164,21700,28.6519832611084,0.0
INBK,2018-10-08,30.0,30.540000915527344,29.959999084472656,30.3799991607666,19100,29.024585723876953,0.0
INBK,2018-10-09,30.329999923706055,30.549999237060547,30.280000686645508,30.40999984741211,18600,29.05324935913086,0.0
INBK,2018-10-10,30.399999618530273,30.399999618530273,29.0,29.3700008392334,30000,28.059646606445312,0.0
INBK,2018-10-11,29.190000534057617,29.549999237060547,28.399999618530273,28.59000015258789,36300,27.314449310302734,0.0
INBK,2018-10-12,28.940000534057617,29.0,27.31999969482422,27.469999313354492,79700,26.244417190551758,0.0
INBK,2018-10-15,27.40999984741211,27.68000030517578,26.829999923706055,27.549999237060547,53000,26.320842742919922,0.0
INBK,2018-10-16,27.600000381469727,29.940000534057617,26.18000030517578,27.600000381469727,53500,26.368616104125977,0.0
INBK,2018-10-17,27.549999237060547,27.84000015258789,27.100000381469727,27.469999313354492,37400,26.244417190551758,0.0
INBK,2018-10-18,27.360000610351562,27.639999389648438,26.940000534057617,27.209999084472656,32200,25.99601936340332,0.0
INBK,2018-10-19,27.209999084472656,27.40999984741211,26.860000610351562,26.950000762939453,31800,25.747623443603516,0.0
INBK,2018-10-22,26.799999237060547,26.799999237060547,25.389999389648438,25.8799991607666,47700,24.72535514831543,0.0
INBK,2018-10-23,25.549999237060547,27.700000762939453,25.549999237060547,27.100000381469727,52700,25.89092254638672,0.0
INBK,2018-10-24,27.100000381469727,27.280000686645508,24.200000762939453,24.3799991607666,82700,23.292278289794922,0.0
INBK,2018-10-25,24.760000228881836,27.010000228881836,24.299999237060547,24.690000534057617,54800,23.58844757080078,0.0
INBK,2018-10-26,24.190000534057617,25.440000534057617,23.809999465942383,25.0,105900,23.88461685180664,0.0
INBK,2018-10-29,25.329999923706055,25.65999984741211,24.850000381469727,25.110000610351562,71900,23.989707946777344,0.0
INBK,2018-10-30,25.100000381469727,26.329999923706055,25.100000381469727,25.84000015258789,45600,24.687137603759766,0.0
INBK,2018-10-31,26.079999923706055,26.1299991607666,25.68000030517578,25.770000457763672,78100,24.620258331298828,0.0
INBK,2018-11-01,25.790000915527344,25.8799991607666,25.3700008392334,25.639999389648438,21100,24.496057510375977,0.0
INBK,2018-11-02,25.68000030517578,25.93000030517578,25.239999771118164,25.790000915527344,34600,24.639371871948242,0.0
INBK,2018-11-05,25.760000228881836,25.959999084472656,25.25,25.649999618530273,22700,24.505615234375,0.0
INBK,2018-11-06,25.610000610351562,26.420000076293945,25.610000610351562,26.170000076293945,17400,25.002416610717773,0.0
INBK,2018-11-07,26.239999771118164,26.239999771118164,25.690000534057617,25.979999542236328,48300,24.820892333984375,0.0
INBK,2018-11-08,25.84000015258789,26.799999237060547,25.770000457763672,26.68000030517578,82400,25.489662170410156,0.0
INBK,2018-11-09,26.479999542236328,27.170000076293945,25.219999313354492,25.299999237060547,32200,24.17123031616211,0.0
INBK,2018-11-12,25.209999084472656,25.360000610351562,24.440000534057617,24.950000762939453,30600,23.83684730529785,0.0
INBK,2018-11-13,25.0,25.540000915527344,24.270000457763672,25.350000381469727,46800,24.21900177001953,0.0
INBK,2018-11-14,25.520000457763672,26.299999237060547,24.5,24.829999923706055,36900,23.722200393676758,0.0
INBK,2018-11-15,24.709999084472656,26.0,24.709999084472656,25.8700008392334,44400,24.715805053710938,0.0
INBK,2018-11-16,25.68000030517578,26.1299991607666,25.25,25.450000762939453,21600,24.314542770385742,0.0
INBK,2018-11-19,25.450000762939453,25.950000762939453,25.239999771118164,25.670000076293945,21800,24.52472496032715,0.0
INBK,2018-11-20,25.40999984741211,25.6299991607666,24.690000534057617,25.190000534057617,42800,24.066146850585938,0.0
INBK,2018-11-21,25.200000762939453,25.709999084472656,24.889999389648438,24.979999542236328,21900,23.865510940551758,0.0
INBK,2018-11-23,24.799999237060547,25.65999984741211,24.530000686645508,24.68000030517578,8100,23.578893661499023,0.0
INBK,2018-11-26,24.81999969482422,25.350000381469727,24.700000762939453,24.979999542236328,20100,23.865510940551758,0.0
INBK,2018-11-27,24.760000228881836,25.100000381469727,24.639999389648438,24.899999618530273,14800,23.789073944091797,0.0
INBK,2018-11-28,24.899999618530273,25.530000686645508,24.739999771118164,25.31999969482422,27100,24.190338134765625,0.0
INBK,2018-11-29,25.100000381469727,25.510000228881836,25.010000228881836,25.190000534057617,28000,24.066146850585938,0.0
INBK,2018-11-30,25.209999084472656,25.549999237060547,24.829999923706055,24.850000381469727,30700,23.741310119628906,0.0
INBK,2018-12-03,25.149999618530273,25.350000381469727,24.700000762939453,25.100000381469727,33800,23.980154037475586,0.0
INBK,2018-12-04,24.8700008392334,25.270000457763672,24.219999313354492,24.3700008392334,31600,23.28272819519043,0.0
INBK,2018-12-06,24.219999313354492,24.729999542236328,24.0,24.25,56300,23.168079376220703,0.0
INBK,2018-12-07,24.260000228881836,24.299999237060547,22.989999771118164,23.200000762939453,25400,22.16492462158203,0.0
INBK,2018-12-10,23.100000381469727,23.920000076293945,22.59000015258789,23.0,22800,21.973844528198242,0.0
INBK,2018-12-11,23.34000015258789,23.459999084472656,22.329999923706055,22.780000686645508,29200,21.7636661529541,0.0
INBK,2018-12-12,22.8799991607666,23.030000686645508,22.56999969482422,22.65999984741211,26900,21.64901351928711,0.0
INBK,2018-12-13,22.700000762939453,22.700000762939453,22.049999237060547,22.100000381469727,41800,21.114004135131836,0.0
INBK,2018-12-14,22.0,22.1299991607666,21.450000762939453,21.579999923706055,53200,20.617198944091797,0.0
INBK,2018-12-17,21.479999542236328,21.799999237060547,20.969999313354492,21.110000610351562,69000,20.168174743652344,0.0
INBK,2018-12-18,21.149999618530273,21.389999389648438,20.489999771118164,20.600000381469727,63000,19.680927276611328,0.0
INBK,2018-12-19,20.670000076293945,21.31999969482422,20.059999465942383,20.1299991607666,61700,19.231889724731445,0.0
INBK,2018-12-20,20.059999465942383,20.329999923706055,19.719999313354492,19.829999923706055,91700,18.945276260375977,0.0
INBK,2018-12-21,19.860000610351562,19.860000610351562,18.90999984741211,19.229999542236328,150900,18.372047424316406,0.0
INBK,2018-12-24,19.239999771118164,19.649999618530273,19.0,19.1299991607666,51100,18.276508331298828,0.0
INBK,2018-12-26,19.270000457763672,20.18000030517578,18.780000686645508,19.899999618530273,98500,19.01215362548828,0.0
INBK,2018-12-27,19.75,20.510000228881836,19.170000076293945,19.6200008392334,82800,18.74464988708496,0.0
INBK,2018-12-28,19.610000610351562,20.579999923706055,19.600000381469727,20.309999465942383,57900,19.463380813598633,0.06
INBK,2018-12-31,20.309999465942383,20.579999923706055,20.059999465942383,20.440000534057617,47500,19.587963104248047,0.0
INBK,2019-01-02,20.100000381469727,21.360000610351562,20.100000381469727,21.1200008392334,61800,20.2396240234375,0.0
INBK,2019-01-03,21.010000228881836,21.75,20.719999313354492,21.229999542236328,40500,20.345029830932617,0.0
INBK,2019-01-04,22.229999542236328,23.209999084472656,21.729999542236328,22.1200008392334,43800,21.197933197021484,0.0
INBK,2019-01-07,22.1299991607666,22.799999237060547,22.100000381469727,22.530000686645508,31100,21.590843200683594,0.0
INBK,2019-01-08,22.68000030517578,23.510000228881836,22.639999389648438,23.170000076293945,55200,22.20416259765625,0.0
INBK,2019-01-09,23.260000228881836,23.559999465942383,22.950000762939453,23.06999969482422,25600,22.10832977294922,0.0
INBK,2019-01-10,23.059999465942383,23.6299991607666,23.059999465942383,23.309999465942383,39800,22.33833122253418,0.0
INBK,2019-01-11,23.18000030517578,23.729999542236328,23.100000381469727,23.649999618530273,29600,22.66415786743164,0.0
INBK,2019-01-14,23.639999389648438,24.389999389648438,23.399999618530273,23.649999618530273,32200,22.66415786743164,0.0
INBK,2019-01-15,23.610000610351562,23.940000534057617,23.469999313354492,23.780000686645508,31000,22.78873634338379,0.0
INBK,2019-01-16,23.969999313354492,24.280000686645508,23.850000381469727,24.059999465942383,35000,23.057064056396484,0.0
INBK,2019-01-17,23.989999771118164,24.309999465942383,23.90999984741211,24.299999237060547,23400,23.287063598632812,0.0
INBK,2019-01-18,24.459999084472656,24.809999465942383,24.200000762939453,24.5,31400,23.478723526000977,0.0
INBK,2019-01-22,24.3799991607666,24.739999771118164,24.270000457763672,24.6200008392334,27100,23.593725204467773,0.0
INBK,2019-01-23,24.6200008392334,25.059999465942383,24.09000015258789,24.350000381469727,31400,23.334976196289062,0.0
INBK,2019-01-24,22.5,23.0,20.3700008392334,21.149999618530273,128200,20.26836585998535,0.0
INBK,2019-01-25,20.520000457763672,21.209999084472656,19.81999969482422,20.059999465942383,141200,19.223804473876953,0.0
INBK,2019-01-28,19.530000686645508,20.1200008392334,19.530000686645508,20.0,82900,19.166303634643555,0.0
INBK,2019-01-29,20.0,21.100000381469727,19.75,19.940000534057617,79800,19.108808517456055,0.0
INBK,2019-01-30,19.940000534057617,20.1299991607666,19.610000610351562,19.780000686645508,108500,18.955472946166992,0.0
INBK,2019-01-31,19.68000030517578,20.200000762939453,19.450000762939453,20.0,111800,19.166303634643555,0.0
INBK,2019-02-01,19.989999771118164,20.15999984741211,19.889999389648438,20.049999237060547,25500,19.21422004699707,0.0
INBK,2019-02-04,20.040000915527344,20.850000381469727,20.040000915527344,20.81999969482422,46900,19.952123641967773,0.0
INBK,2019-02-05,20.770000457763672,20.940000534057617,20.469999313354492,20.479999542236328,43400,19.626293182373047,0.0
INBK,2019-02-06,20.479999542236328,20.479999542236328,19.899999618530273,19.920000076293945,38500,19.089641571044922,0.0
INBK,2019-02-07,20.09000015258789,20.09000015258789,19.68000030517578,19.799999237060547,27900,18.97464370727539,0.0
INBK,2019-02-08,19.760000228881836,19.809999465942383,19.43000030517578,19.549999237060547,37100,18.735061645507812,0.0
INBK,2019-02-11,19.6299991607666,20.06999969482422,19.530000686645508,19.899999618530273,46900,19.070472717285156,0.0
INBK,2019-02-12,19.899999618530273,20.059999465942383,19.729999542236328,19.899999618530273,48600,19.070472717285156,0.0
INBK,2019-02-13,19.899999618530273,20.709999084472656,19.899999618530273,20.709999084472656,51400,19.846708297729492,0.0
INBK,2019-02-14,20.540000915527344,20.979999542236328,20.510000228881836,20.649999618530273,65300,19.789207458496094,0.0
INBK,2019-02-15,20.790000915527344,21.780000686645508,20.600000381469727,21.719999313354492,53600,20.81460952758789,0.0
INBK,2019-02-19,21.65999984741211,22.31999969482422,21.639999389648438,21.850000381469727,41400,20.93918800354004,0.0
INBK,2019-02-20,21.90999984741211,22.34000015258789,21.760000228881836,22.31999969482422,41800,21.38959503173828,0.0
INBK,2019-02-21,22.329999923706055,22.420000076293945,21.600000381469727,21.690000534057617,46400,20.78585433959961,0.0
INBK,2019-02-22,21.700000762939453,22.149999618530273,21.68000030517578,21.940000534057617,32200,21.025436401367188,0.0
INBK,2019-02-25,21.8799991607666,22.200000762939453,21.59000015258789,21.59000015258789,29800,20.690027236938477,0.0
INBK,2019-02-26,21.239999771118164,21.459999084472656,21.229999542236328,21.299999237060547,17000,20.4121150970459,0.0
INBK,2019-02-27,21.290000915527344,21.829999923706055,21.209999084472656,21.65999984741211,17200,20.75711441040039,0.0
INBK,2019-02-28,21.530000686645508,21.899999618530273,21.420000076293945,21.600000381469727,24300,20.69961166381836,0.0
INBK,2019-03-01,21.399999618530273,22.1299991607666,21.350000381469727,21.989999771118164,36300,21.07335662841797,0.0
INBK,2019-03-04,21.959999084472656,22.239999771118164,21.75,22.040000915527344,30100,21.12126350402832,0.0
INBK,2019-03-05,22.049999237060547,22.049999237060547,21.559999465942383,21.6200008392334,26000,20.71877670288086,0.0
INBK,2019-03-06,21.610000610351562,21.610000610351562,20.280000686645508,20.350000381469727,27400,19.50171661376953,0.0
INBK,2019-03-07,20.34000015258789,21.510000228881836,19.6200008392334,19.700000762939453,22400,18.878808975219727,0.0
INBK,2019-03-08,19.559999465942383,19.81999969482422,19.549999237060547,19.670000076293945,37200,18.850061416625977,0.0
INBK,2019-03-11,19.969999313354492,20.079999923706055,19.700000762939453,19.93000030517578,49400,19.099224090576172,0.0
INBK,2019-03-12,19.959999084472656,20.100000381469727,19.81999969482422,19.940000534057617,58500,19.108808517456055,0.0
INBK,2019-03-13,19.93000030517578,20.530000686645508,19.93000030517578,20.200000762939453,47600,19.35797119140625,0.0
INBK,2019-03-14,20.299999237060547,20.559999465942383,20.25,20.25,25800,19.405885696411133,0.0
INBK,2019-03-15,20.260000228881836,20.739999771118164,20.0,20.329999923706055,99000,19.482545852661133,0.0
INBK,2019-03-18,20.299999237060547,20.809999465942383,20.299999237060547,20.420000076293945,68300,19.56879997253418,0.0
INBK,2019-03-19,20.56999969482422,20.709999084472656,19.8799991607666,19.8799991607666,50900,19.05130386352539,0.0
INBK,2019-03-20,19.809999465942383,20.049999237060547,19.15999984741211,19.260000228881836,48000,18.457149505615234,0.0
INBK,2019-03-21,19.18000030517578,19.75,18.709999084472656,18.799999237060547,56900,18.016328811645508,0.0
INBK,2019-03-22,18.790000915527344,18.84000015258789,17.690000534057617,18.049999237060547,88300,17.297590255737305,0.0
INBK,2019-03-25,18.0,18.059999465942383,17.559999465942383,17.950000762939453,59500,17.20176124572754,0.0
INBK,2019-03-26,17.940000534057617,18.829999923706055,17.940000534057617,18.809999465942383,31700,18.025907516479492,0.0
INBK,2019-03-27,18.829999923706055,19.059999465942383,18.489999771118164,18.809999465942383,39700,18.025907516479492,0.0
INBK,2019-03-28,18.889999389648438,19.110000610351562,18.579999923706055,19.049999237060547,27900,18.314319610595703,0.06
INBK,2019-03-29,19.489999771118164,19.6200008392334,19.059999465942383,19.329999923706055,67700,18.583511352539062,0.0
INBK,2019-04-01,19.700000762939453,20.020000457763672,19.489999771118164,19.780000686645508,106500,19.016132354736328,0.0
INBK,2019-04-02,19.760000228881836,20.139999389648438,19.579999923706055,19.68000030517578,37200,18.920000076293945,0.0
INBK,2019-04-03,19.81999969482422,19.989999771118164,19.719999313354492,19.799999237060547,24000,19.035362243652344,0.0
INBK,2019-04-04,19.809999465942383,20.34000015258789,19.799999237060547,20.06999969482422,21800,19.29493522644043,0.0
INBK,2019-04-05,20.079999923706055,20.75,20.079999923706055,20.6200008392334,28900,19.82369613647461,0.0
INBK,2019-04-08,20.610000610351562,21.06999969482422,20.510000228881836,20.75,41000,19.948671340942383,0.0
INBK,2019-04-09,20.510000228881836,20.760000228881836,20.229999542236328,20.260000228881836,59600,19.477596282958984,0.0
INBK,2019-04-10,20.299999237060547,20.59000015258789,20.239999771118164,20.59000015258789,34200,19.794851303100586,0.0
INBK,2019-04-11,20.809999465942383,21.270000457763672,20.809999465942383,21.09000015258789,31800,20.275545120239258,0.0
INBK,2019-04-12,21.270000457763672,21.5,21.09000015258789,21.190000534057617,28000,20.371685028076172,0.0
INBK,2019-04-15,21.190000534057617,21.43000030517578,20.809999465942383,20.860000610351562,35300,20.054428100585938,0.0
INBK,2019-04-16,21.06999969482422,21.6200008392334,20.850000381469727,21.489999771118164,38900,20.660091400146484,0.0
INBK,2019-04-17,21.950000762939453,21.950000762939453,21.3700008392334,21.559999465942383,22300,20.727394104003906,0.0
INBK,2019-04-18,21.450000762939453,21.739999771118164,21.389999389648438,21.5,27400,20.669710159301758,0.0
INBK,2019-04-22,21.399999618530273,21.399999618530273,21.0,21.149999618530273,29100,20.33322525024414,0.0
INBK,2019-04-23,21.0,21.450000762939453,21.0,21.190000534057617,38000,20.371685028076172,0.0
INBK,2019-04-24,21.06999969482422,21.5,21.06999969482422,21.360000610351562,24500,20.535118103027344,0.0
INBK,2019-04-25,22.149999618530273,22.690000534057617,22.1299991607666,22.40999984741211,84800,21.54456901550293,0.0
INBK,2019-04-26,22.530000686645508,22.670000076293945,22.309999465942383,22.579999923706055,49900,21.70800018310547,0.0
INBK,2019-04-29,22.56999969482422,23.09000015258789,22.209999084472656,22.329999923706055,45500,21.4676570892334,0.0
INBK,2019-04-30,22.299999237060547,22.3700008392334,21.860000610351562,21.889999389648438,34200,21.044647216796875,0.0
INBK,2019-05-01,21.899999618530273,22.25,21.56999969482422,22.030000686645508,124400,21.179244995117188,0.0
INBK,2019-05-02,22.020000457763672,22.450000762939453,22.020000457763672,22.25,29700,21.390743255615234,0.0
INBK,2019-05-03,22.43000030517578,23.280000686645508,22.43000030517578,22.989999771118164,69900,22.1021671295166,0.0
INBK,2019-05-06,22.649999618530273,23.309999465942383,22.649999618530273,23.1200008392334,112700,22.227149963378906,0.0
INBK,2019-05-07,22.889999389648438,23.559999465942383,22.530000686645508,22.969999313354492,33000,22.082937240600586,0.0
INBK,2019-05-08,22.889999389648438,23.1299991607666,22.309999465942383,22.360000610351562,15900,21.496496200561523,0.0
INBK,2019-05-09,22.059999465942383,22.139999389648438,21.75,22.079999923706055,22400,21.227313995361328,0.0
INBK,2019-05-10,21.989999771118164,22.479999542236328,21.81999969482422,22.469999313354492,22900,21.602251052856445,0.0
INBK,2019-05-13,22.100000381469727,23.079999923706055,21.709999084472656,21.81999969482422,42200,20.977354049682617,0.0
INBK,2019-05-14,21.889999389648438,22.309999465942383,21.5,22.010000228881836,15600,21.160017013549805,0.0
INBK,2019-05-15,21.760000228881836,21.899999618530273,21.540000915527344,21.68000030517578,15800,20.84276008605957,0.0
INBK,2019-05-16,21.790000915527344,22.010000228881836,21.709999084472656,21.790000915527344,14700,20.94851303100586,0.0
INBK,2019-05-17,21.6299991607666,22.030000686645508,21.600000381469727,21.829999923706055,16600,20.98696517944336,0.0
INBK,2019-05-20,21.139999389648438,21.969999313354492,21.139999389648438,21.75,21300,20.910057067871094,0.0
INBK,2019-05-21,21.770000457763672,22.31999969482422,21.770000457763672,22.25,9000,21.390743255615234,0.0
INBK,2019-05-22,22.270000457763672,22.329999923706055,21.899999618530273,22.020000457763672,17300,21.16963005065918,0.0
INBK,2019-05-23,21.799999237060547,21.90999984741211,21.170000076293945,21.299999237060547,22200,20.477432250976562,0.0
INBK,2019-05-24,21.299999237060547,21.8700008392334,21.100000381469727,21.84000015258789,22100,20.996580123901367,0.0
INBK,2019-05-28,21.829999923706055,21.940000534057617,21.670000076293945,21.719999313354492,14400,20.881216049194336,0.0
INBK,2019-05-29,21.6299991607666,21.780000686645508,21.360000610351562,21.360000610351562,24000,20.535118103027344,0.0
INBK,2019-05-30,21.469999313354492,21.489999771118164,20.739999771118164,21.040000915527344,16900,20.227474212646484,0.0
INBK,2019-05-31,20.59000015258789,20.889999389648438,20.329999923706055,20.329999923706055,18800,19.544891357421875,0.0
INBK,2019-06-03,20.309999465942383,21.559999465942383,20.309999465942383,21.389999389648438,30700,20.5639591217041,0.0
INBK,2019-06-04,21.579999923706055,21.989999771118164,21.420000076293945,21.739999771118164,12200,20.90043830871582,0.0
INBK,2019-06-05,21.75,21.780000686645508,21.209999084472656,21.34000015258789,24400,20.51589012145996,0.0
INBK,2019-06-06,21.3700008392334,21.690000534057617,21.149999618530273,21.270000457763672,15700,20.448593139648438,0.0
INBK,2019-06-07,21.40999984741211,21.6200008392334,21.209999084472656,21.420000076293945,30200,20.59280014038086,0.0
INBK,2019-06-10,21.450000762939453,21.860000610351562,21.350000381469727,21.670000076293945,16900,20.833148956298828,0.0
INBK,2019-06-11,21.799999237060547,21.799999237060547,21.329999923706055,21.540000915527344,28000,20.708166122436523,0.0
INBK,2019-06-12,21.5,21.5,20.700000762939453,20.790000915527344,14700,19.98712921142578,0.0
INBK,2019-06-13,20.81999969482422,21.360000610351562,20.75,21.049999237060547,12100,20.237085342407227,0.0
INBK,2019-06-14,21.15999984741211,21.34000015258789,20.940000534057617,21.059999465942383,16200,20.2467041015625,0.0
INBK,2019-06-17,21.15999984741211,21.190000534057617,20.389999389648438,20.450000762939453,15900,19.660259246826172,0.0
INBK,2019-06-18,20.450000762939453,21.040000915527344,20.450000762939453,21.040000915527344,14400,20.227474212646484,0.0
INBK,2019-06-19,21.239999771118164,21.239999771118164,20.75,20.920000076293945,17000,20.112106323242188,0.0
INBK,2019-06-20,20.950000762939453,20.979999542236328,20.469999313354492,20.600000381469727,21900,19.80446434020996,0.0
INBK,2019-06-21,20.40999984741211,20.56999969482422,19.809999465942383,19.81999969482422,48300,19.05458641052246,0.0
INBK,2019-06-24,19.81999969482422,20.299999237060547,19.450000762939453,19.56999969482422,20900,18.814237594604492,0.0
INBK,2019-06-25,19.6299991607666,19.770000457763672,19.399999618530273,19.729999542236328,44900,18.968063354492188,0.0
INBK,2019-06-26,19.700000762939453,19.93000030517578,19.34000015258789,19.729999542236328,36000,18.968063354492188,0.0
INBK,2019-06-27,19.639999389648438,19.920000076293945,19.479999542236328,19.899999618530273,53400,19.189851760864258,0.06
INBK,2019-06-28,19.959999084472656,22.010000228881836,19.959999084472656,21.540000915527344,105200,20.77133560180664,0.0
INBK,2019-07-01,21.940000534057617,21.989999771118164,21.010000228881836,21.06999969482422,24400,20.31810188293457,0.0
INBK,2019-07-02,21.09000015258789,21.110000610351562,20.299999237060547,20.639999389648438,15300,19.90345001220703,0.0
INBK,2019-07-03,20.920000076293945,21.049999237060547,20.84000015258789,21.049999237060547,4400,20.298818588256836,0.0
INBK,2019-07-05,21.049999237060547,21.56999969482422,20.969999313354492,21.440000534057617,10600,20.674898147583008,0.0
INBK,2019-07-08,21.43000030517578,21.43000030517578,21.0,21.049999237060547,10100,20.298818588256836,0.0
INBK,2019-07-09,21.229999542236328,21.229999542236328,20.8799991607666,20.920000076293945,8500,20.1734561920166,0.0
INBK,2019-07-10,20.860000610351562,21.049999237060547,20.75,20.950000762939453,17900,20.2023868560791,0.0
INBK,2019-07-11,20.899999618530273,21.049999237060547,20.829999923706055,21.0,37400,20.2506046295166,0.0
INBK,2019-07-12,21.0,21.049999237060547,20.860000610351562,20.860000610351562,36600,20.115598678588867,0.0
INBK,2019-07-15,20.940000534057617,21.0,20.56999969482422,20.709999084472656,18700,19.970951080322266,0.0
INBK,2019-07-16,20.75,20.989999771118164,20.469999313354492,20.489999771118164,26100,19.758798599243164,0.0
INBK,2019-07-17,20.520000457763672,20.520000457763672,19.850000381469727,19.950000762939453,33300,19.238075256347656,0.0
INBK,2019-07-18,19.8799991607666,20.0,19.6200008392334,19.729999542236328,46000,19.02592658996582,0.0
INBK,2019-07-19,19.649999618530273,20.0,19.649999618530273,19.809999465942383,33600,19.103069305419922,0.0
INBK,2019-07-22,19.799999237060547,19.8700008392334,19.5,19.8700008392334,52900,19.160924911499023,0.0
INBK,2019-07-23,20.0,20.940000534057617,20.0,20.90999984741211,16900,20.163814544677734,0.0
INBK,2019-07-24,20.670000076293945,21.530000686645508,20.649999618530273,21.31999969482422,28400,20.55918312072754,0.0
INBK,2019-07-25,21.719999313354492,21.760000228881836,19.649999618530273,21.229999542236328,30900,20.472394943237305,0.0
INBK,2019-07-26,21.290000915527344,21.3700008392334,20.40999984741211,21.1299991607666,24600,20.375961303710938,0.0
INBK,2019-07-29,21.25,21.469999313354492,20.850000381469727,20.850000381469727,24000,20.105955123901367,0.0
INBK,2019-07-30,20.75,21.1200008392334,20.6200008392334,20.940000534057617,29200,20.192745208740234,0.0
INBK,2019-07-31,20.979999542236328,21.389999389648438,20.979999542236328,21.079999923706055,50700,20.32774543762207,0.0
INBK,2019-08-01,20.940000534057617,21.18000030517578,20.290000915527344,20.360000610351562,47500,19.63344383239746,0.0
INBK,2019-08-02,20.15999984741211,20.549999237060547,20.059999465942383,20.3700008392334,22600,19.643085479736328,0.0
INBK,2019-08-05,19.93000030517578,20.3799991607666,19.81999969482422,19.90999984741211,47900,19.19949722290039,0.0
INBK,2019-08-06,20.260000228881836,20.260000228881836,19.90999984741211,20.100000381469727,22200,19.382720947265625,0.0
INBK,2019-08-07,19.780000686645508,20.079999923706055,19.75,19.809999465942383,24600,19.103069305419922,0.0
INBK,2019-08-08,20.059999465942383,20.8700008392334,20.049999237060547,20.600000381469727,19200,19.8648738861084,0.0
INBK,2019-08-09,20.489999771118164,20.59000015258789,20.040000915527344,20.200000762939453,18700,19.47915267944336,0.0
INBK,2019-08-12,20.049999237060547,20.1200008392334,19.6299991607666,19.639999389648438,14500,18.93913459777832,0.0
INBK,2019-08-13,19.5,20.209999084472656,19.5,19.6200008392334,24000,18.919851303100586,0.0
INBK,2019-08-14,19.260000228881836,19.260000228881836,18.649999618530273,18.90999984741211,33000,18.23518180847168,0.0
INBK,2019-08-15,18.920000076293945,19.059999465942383,18.149999618530273,18.3700008392334,33700,17.714458465576172,0.0
INBK,2019-08-16,18.520000457763672,19.510000228881836,18.520000457763672,19.239999771118164,71600,18.553407669067383,0.0
INBK,2019-08-19,19.450000762939453,19.600000381469727,19.34000015258789,19.469999313354492,45700,18.77519989013672,0.0
INBK,2019-08-20,19.579999923706055,19.59000015258789,19.290000915527344,19.559999465942383,27600,18.861988067626953,0.0
INBK,2019-08-21,19.670000076293945,19.670000076293945,19.350000381469727,19.469999313354492,32600,18.77519989013672,0.0
INBK,2019-08-22,19.649999618530273,19.850000381469727,19.440000534057617,19.510000228881836,40100,18.81377410888672,0.0
INBK,2019-08-23,19.510000228881836,19.709999084472656,18.899999618530273,18.959999084472656,42300,18.28339958190918,0.0
INBK,2019-08-26,19.0,19.75,18.989999771118164,19.690000534057617,26800,18.98735237121582,0.0
INBK,2019-08-27,19.8700008392334,19.989999771118164,19.549999237060547,19.760000228881836,44300,19.054853439331055,0.0
INBK,2019-08-28,19.75,20.270000457763672,19.75,19.899999618530273,19200,19.189851760864258,0.0
INBK,2019-08-29,20.09000015258789,20.43000030517578,19.469999313354492,20.1299991607666,27900,19.411653518676758,0.0
INBK,2019-08-30,20.559999465942383,20.559999465942383,20.079999923706055,20.219999313354492,18500,19.498437881469727,0.0
INBK,2019-09-03,20.049999237060547,20.149999618530273,19.770000457763672,20.020000457763672,22200,19.305572509765625,0.0
INBK,2019-09-04,20.190000534057617,20.40999984741211,20.06999969482422,20.079999923706055,16600,19.363433837890625,0.0
INBK,2019-09-05,20.329999923706055,20.989999771118164,20.299999237060547,20.739999771118164,42600,19.999879837036133,0.0
INBK,2019-09-06,20.950000762939453,21.059999465942383,20.649999618530273,20.719999313354492,50400,19.980594635009766,0.0
INBK,2019-09-09,20.850000381469727,21.09000015258789,20.760000228881836,20.979999542236328,71200,20.231313705444336,0.0
INBK,2019-09-10,20.920000076293945,21.170000076293945,20.56999969482422,21.079999923706055,72800,20.32774543762207,0.0
INBK,2019-09-11,21.1299991607666,21.149999618530273,20.610000610351562,21.049999237060547,78500,20.298818588256836,0.0
INBK,2019-09-12,20.920000076293945,21.25,20.90999984741211,21.0,79300,20.2506046295166,0.0
INBK,2019-09-13,21.139999389648438,21.219999313354492,20.950000762939453,21.1200008392334,80100,20.366321563720703,0.0
INBK,2019-09-16,21.0,21.549999237060547,20.700000762939453,21.25,24600,20.491680145263672,0.0
INBK,2019-09-17,21.15999984741211,21.420000076293945,20.6200008392334,21.239999771118164,17000,20.482036590576172,0.0
INBK,2019-09-18,21.299999237060547,21.3799991607666,20.93000030517578,21.239999771118164,25100,20.482036590576172,0.0
INBK,2019-09-19,21.299999237060547,21.690000534057617,21.010000228881836,21.360000610351562,41700,20.597755432128906,0.0
INBK,2019-09-20,21.31999969482422,22.079999923706055,21.270000457763672,21.90999984741211,140000,21.128128051757812,0.0
INBK,2019-09-23,21.639999389648438,22.1200008392334,21.3700008392334,22.020000457763672,25600,21.234207153320312,0.0
INBK,2019-09-24,22.0,22.0,21.5,21.600000381469727,37900,20.829187393188477,0.0
INBK,2019-09-25,21.600000381469727,22.530000686645508,21.600000381469727,22.450000762939453,35200,21.64885902404785,0.0
INBK,2019-09-26,22.360000610351562,22.360000610351562,21.959999084472656,22.0,14800,21.214914321899414,0.0
INBK,2019-09-27,22.200000762939453,22.3799991607666,21.739999771118164,21.81999969482422,13800,21.0988826751709,0.06
INBK,2019-09-30,21.950000762939453,22.010000228881836,21.34000015258789,21.40999984741211,25600,20.70242691040039,0.0
INBK,2019-10-01,21.59000015258789,21.610000610351562,21.190000534057617,21.270000457763672,19500,20.56705665588379,0.0
INBK,2019-10-02,21.25,21.700000762939453,21.170000076293945,21.6299991607666,36200,20.915159225463867,0.0
INBK,2019-10-03,21.56999969482422,21.670000076293945,21.25,21.5,20000,20.789459228515625,0.0
INBK,2019-10-04,21.5,21.979999542236328,21.489999771118164,21.68000030517578,21000,20.96350860595703,0.0
INBK,2019-10-07,21.75,21.790000915527344,21.270000457763672,21.399999618530273,27800,20.692760467529297,0.0
INBK,2019-10-08,21.09000015258789,21.170000076293945,20.899999618530273,21.139999389648438,36900,20.44135284423828,0.0
INBK,2019-10-09,21.110000610351562,21.5,20.969999313354492,21.100000381469727,19900,20.40267562866211,0.0
INBK,2019-10-10,21.09000015258789,21.280000686645508,20.84000015258789,21.0,44900,20.305980682373047,0.0
INBK,2019-10-11,21.350000381469727,22.030000686645508,21.350000381469727,21.760000228881836,22000,21.040864944458008,0.0
INBK,2019-10-14,21.540000915527344,21.75,21.420000076293945,21.610000610351562,14100,20.89582061767578,0.0
INBK,2019-10-15,21.850000381469727,22.360000610351562,21.850000381469727,22.290000915527344,21500,21.5533504486084,0.0
INBK,2019-10-16,22.209999084472656,22.510000228881836,22.030000686645508,22.190000534057617,16700,21.456655502319336,0.0
INBK,2019-10-17,22.299999237060547,22.360000610351562,21.979999542236328,22.25,16700,21.514671325683594,0.0
INBK,2019-10-18,22.079999923706055,22.6299991607666,22.079999923706055,22.40999984741211,17800,21.669384002685547,0.0
INBK,2019-10-21,22.520000457763672,22.940000534057617,22.520000457763672,22.68000030517578,22700,21.93045997619629,0.0
INBK,2019-10-22,22.59000015258789,23.1299991607666,22.59000015258789,22.690000534057617,18100,21.940134048461914,0.0
INBK,2019-10-23,22.8700008392334,22.959999084472656,22.729999542236328,22.739999771118164,10200,21.988475799560547,0.0
INBK,2019-10-24,23.190000534057617,23.56999969482422,22.18000030517578,22.350000381469727,32700,21.61136245727539,0.0
INBK,2019-10-25,22.40999984741211,23.049999237060547,22.40999984741211,22.790000915527344,39000,22.036827087402344,0.0
INBK,2019-10-28,22.899999618530273,23.139999389648438,22.75,22.889999389648438,26100,22.133516311645508,0.0
INBK,2019-10-29,22.889999389648438,22.989999771118164,22.6299991607666,22.860000610351562,37900,22.10451316833496,0.0
INBK,2019-10-30,22.549999237060547,22.850000381469727,22.459999084472656,22.84000015258789,14000,22.085172653198242,0.0
INBK,2019-10-31,22.729999542236328,22.75,22.459999084472656,22.739999771118164,49000,21.988475799560547,0.0
INBK,2019-11-01,23.09000015258789,23.239999771118164,22.809999465942383,22.8700008392334,22200,22.114181518554688,0.0
INBK,2019-11-04,23.049999237060547,23.25,22.969999313354492,23.100000381469727,77500,22.33658218383789,0.0
INBK,2019-11-05,23.100000381469727,23.389999389648438,23.079999923706055,23.190000534057617,45800,22.423603057861328,0.0
INBK,2019-11-06,23.219999313354492,23.219999313354492,22.93000030517578,23.09000015258789,19800,22.326908111572266,0.0
INBK,2019-11-07,23.110000610351562,23.309999465942383,22.850000381469727,23.239999771118164,34400,22.471954345703125,0.0
INBK,2019-11-08,23.030000686645508,23.200000762939453,22.84000015258789,22.950000762939453,13700,22.191537857055664,0.0
INBK,2019-11-11,22.829999923706055,22.860000610351562,22.40999984741211,22.649999618530273,11500,21.901451110839844,0.0
INBK,2019-11-12,22.520000457763672,22.850000381469727,22.190000534057617,22.450000762939453,12400,21.70806121826172,0.0
INBK,2019-11-13,22.440000534057617,22.440000534057617,22.1200008392334,22.149999618530273,17800,21.41797637939453,0.0
INBK,2019-11-14,22.139999389648438,22.280000686645508,21.979999542236328,22.239999771118164,15200,21.505002975463867,0.0
INBK,2019-11-15,22.360000610351562,22.540000915527344,22.1200008392334,22.350000381469727,33400,21.61136245727539,0.0
INBK,2019-11-18,22.200000762939453,22.68000030517578,21.6200008392334,22.649999618530273,47000,21.901451110839844,0.0
INBK,2019-11-19,22.729999542236328,22.729999542236328,22.59000015258789,22.6299991607666,23300,21.88211441040039,0.0
INBK,2019-11-20,22.5,22.5,22.190000534057617,22.270000457763672,40800,21.534011840820312,0.0
INBK,2019-11-21,22.329999923706055,22.479999542236328,22.149999618530273,22.299999237060547,31900,21.563018798828125,0.0
INBK,2019-11-22,22.3799991607666,22.5,22.209999084472656,22.31999969482422,17600,21.58235740661621,0.0
INBK,2019-11-25,22.350000381469727,22.829999923706055,22.260000228881836,22.649999618530273,49800,21.901451110839844,0.0
INBK,2019-11-26,22.639999389648438,22.790000915527344,22.6200008392334,22.6299991607666,17800,21.88211441040039,0.0
INBK,2019-11-27,22.670000076293945,22.950000762939453,22.59000015258789,22.719999313354492,29200,21.969139099121094,0.0
INBK,2019-11-29,22.510000228881836,22.770000457763672,22.510000228881836,22.700000762939453,12600,21.94980239868164,0.0
INBK,2019-12-02,22.649999618530273,22.770000457763672,22.270000457763672,22.309999465942383,23200,21.57268714904785,0.0
INBK,2019-12-03,22.209999084472656,22.209999084472656,21.770000457763672,22.079999923706055,14700,21.350290298461914,0.0
INBK,2019-12-04,22.149999618530273,22.3799991607666,22.09000015258789,22.09000015258789,27900,21.35995864868164,0.0
INBK,2019-12-05,22.149999618530273,22.34000015258789,22.09000015258789,22.09000015258789,37600,21.35995864868164,0.0
INBK,2019-12-06,22.34000015258789,23.059999465942383,22.34000015258789,22.75,142800,21.998144149780273,0.0
INBK,2019-12-09,22.65999984741211,23.3799991607666,22.6299991607666,23.309999465942383,43300,22.539642333984375,0.0
INBK,2019-12-10,23.139999389648438,23.420000076293945,23.139999389648438,23.399999618530273,17800,22.626665115356445,0.0
INBK,2019-12-11,23.25,23.360000610351562,23.020000457763672,23.149999618530273,16600,22.384925842285156,0.0
INBK,2019-12-12,22.889999389648438,23.799999237060547,22.889999389648438,23.639999389648438,20800,22.858734130859375,0.0
INBK,2019-12-13,23.6299991607666,23.829999923706055,23.25,23.700000762939453,19800,22.916751861572266,0.0
INBK,2019-12-16,23.709999084472656,24.219999313354492,23.709999084472656,23.8700008392334,20600,23.081132888793945,0.0
INBK,2019-12-17,24.190000534057617,24.329999923706055,24.040000915527344,24.290000915527344,9400,23.48725128173828,0.0
INBK,2019-12-18,24.420000076293945,24.459999084472656,24.200000762939453,24.260000228881836,21200,23.4582462310791,0.0
INBK,2019-12-19,24.06999969482422,24.15999984741211,23.809999465942383,24.020000457763672,16200,23.22617530822754,0.0
INBK,2019-12-20,24.09000015258789,24.389999389648438,23.739999771118164,24.389999389648438,79700,23.583946228027344,0.0
INBK,2019-12-23,24.389999389648438,24.440000534057617,23.8799991607666,24.100000381469727,35300,23.303531646728516,0.0
INBK,2019-12-24,23.899999618530273,24.25,23.899999618530273,24.25,11100,23.448577880859375,0.0
INBK,2019-12-26,24.239999771118164,24.459999084472656,24.1200008392334,24.200000762939453,15300,23.400226593017578,0.0
INBK,2019-12-27,24.309999465942383,24.389999389648438,24.0,24.100000381469727,22600,23.303531646728516,0.0
INBK,2019-12-30,24.0,24.0,23.780000686645508,23.850000381469727,15000,23.119354248046875,0.06
INBK,2019-12-31,23.969999313354492,24.0,23.649999618530273,23.709999084472656,39200,22.983640670776367,0.0
INBK,2020-01-02,23.739999771118164,24.139999389648438,23.6200008392334,24.010000228881836,38500,23.274450302124023,0.0
INBK,2020-01-03,23.850000381469727,24.219999313354492,23.850000381469727,24.219999313354492,22800,23.478017807006836,0.0
INBK,2020-01-06,24.040000915527344,24.260000228881836,23.959999084472656,24.229999542236328,26500,23.487709045410156,0.0
INBK,2020-01-07,24.360000610351562,24.360000610351562,24.149999618530273,24.149999618530273,25500,23.41016387939453,0.0
INBK,2020-01-08,24.1299991607666,24.43000030517578,24.030000686645508,24.209999084472656,27800,23.468320846557617,0.0
INBK,2020-01-09,24.280000686645508,24.280000686645508,24.020000457763672,24.1200008392334,16600,23.38108253479004,0.0
INBK,2020-01-10,24.059999465942383,24.219999313354492,24.0,24.100000381469727,27600,23.361696243286133,0.0
INBK,2020-01-13,24.040000915527344,24.25,23.90999984741211,24.139999389648438,17200,23.400468826293945,0.0
INBK,2020-01-14,24.31999969482422,24.31999969482422,23.940000534057617,23.940000534057617,18400,23.20659828186035,0.0
INBK,2020-01-15,23.950000762939453,23.950000762939453,23.25,23.479999542236328,49300,22.760692596435547,0.0
INBK,2020-01-16,23.59000015258789,24.5,23.59000015258789,24.459999084472656,25100,23.710662841796875,0.0
INBK,2020-01-17,24.530000686645508,24.530000686645508,24.040000915527344,24.190000534057617,19700,23.44893455505371,0.0
INBK,2020-01-21,24.100000381469727,24.15999984741211,23.809999465942383,23.850000381469727,20200,23.119354248046875,0.0
INBK,2020-01-22,23.899999618530273,24.1299991607666,23.420000076293945,23.690000534057617,20200,22.96425437927246,0.0
INBK,2020-01-23,25.760000228881836,26.459999084472656,25.06999969482422,26.18000030517578,67000,25.377973556518555,0.0
INBK,2020-01-24,26.40999984741211,27.959999084472656,26.40999984741211,27.399999618530273,65600,26.56059455871582,0.0
INBK,2020-01-27,27.899999618530273,27.899999618530273,26.860000610351562,27.280000686645508,36800,26.444276809692383,0.0
INBK,2020-01-28,27.649999618530273,27.700000762939453,26.729999542236328,26.799999237060547,21500,25.97898292541504,0.0
INBK,2020-01-29,27.0,27.190000534057617,26.010000228881836,26.200000762939453,57200,25.397361755371094,0.0
INBK,2020-01-30,26.110000610351562,27.649999618530273,25.700000762939453,27.559999465942383,66700,26.715694427490234,0.0
INBK,2020-01-31,27.559999465942383,27.709999084472656,26.209999084472656,26.510000228881836,58900,25.697866439819336,0.0
INBK,2020-02-03,26.899999618530273,27.290000915527344,26.579999923706055,27.049999237060547,41700,26.2213191986084,0.0
INBK,2020-02-04,27.260000228881836,27.520000457763672,27.030000686645508,27.030000686645508,19600,26.201932907104492,0.0
INBK,2020-02-05,27.290000915527344,27.549999237060547,26.940000534057617,27.399999618530273,49700,26.56059455871582,0.0
INBK,2020-02-06,27.59000015258789,27.959999084472656,27.399999618530273,27.670000076293945,37300,26.82233238220215,0.0
INBK,2020-02-07,27.65999984741211,27.940000534057617,27.059999465942383,27.260000228881836,18700,26.424888610839844,0.0
INBK,2020-02-10,27.25,27.25,27.100000381469727,27.209999084472656,35300,26.376419067382812,0.0
INBK,2020-02-11,27.3799991607666,27.84000015258789,27.139999389648438,27.229999542236328,42700,26.395801544189453,0.0
INBK,2020-02-12,27.459999084472656,27.600000381469727,27.239999771118164,27.450000762939453,32700,26.609067916870117,0.0
INBK,2020-02-13,27.399999618530273,27.709999084472656,27.399999618530273,27.649999618530273,24400,26.802940368652344,0.0
INBK,2020-02-14,27.690000534057617,28.350000381469727,27.559999465942383,28.079999923706055,65000,27.219764709472656,0.0
INBK,2020-02-18,28.1200008392334,28.440000534057617,27.780000686645508,27.93000030517578,33400,27.07436180114746,0.0
INBK,2020-02-19,28.399999618530273,28.5,27.809999465942383,27.81999969482422,33400,26.967727661132812,0.0
INBK,2020-02-20,27.799999237060547,28.309999465942383,27.799999237060547,28.299999237060547,20000,27.433025360107422,0.0
INBK,2020-02-21,28.239999771118164,28.239999771118164,27.450000762939453,27.6299991607666,46300,26.783554077148438,0.0
INBK,2020-02-24,27.06999969482422,27.670000076293945,26.43000030517578,27.469999313354492,36200,26.628454208374023,0.0
INBK,2020-02-25,27.389999389648438,27.389999389648438,25.889999389648438,25.940000534057617,26700,25.145326614379883,0.0
INBK,2020-02-26,26.1200008392334,26.559999465942383,25.860000610351562,26.450000762939453,25900,25.639707565307617,0.0
INBK,2020-02-27,25.899999618530273,26.329999923706055,24.0,25.020000457763672,92100,24.253509521484375,0.0
INBK,2020-02-28,24.219999313354492,24.700000762939453,23.75,24.290000915527344,61200,23.545873641967773,0.0
INBK,2020-03-02,24.309999465942383,24.850000381469727,23.520000457763672,24.850000381469727,24500,24.08871841430664,0.0
INBK,2020-03-03,24.549999237060547,24.690000534057617,23.790000915527344,24.18000030517578,42000,23.439239501953125,0.0
INBK,2020-03-04,24.299999237060547,24.829999923706055,23.690000534057617,24.829999923706055,35500,24.06932830810547,0.0
INBK,2020-03-05,24.15999984741211,24.15999984741211,22.959999084472656,23.5,49500,22.780073165893555,0.0
INBK,2020-03-06,22.56999969482422,23.290000915527344,22.059999465942383,22.489999771118164,28400,21.80101776123047,0.0
INBK,2020-03-09,20.959999084472656,20.959999084472656,18.780000686645508,18.989999771118164,31100,18.408239364624023,0.0
INBK,2020-03-10,19.790000915527344,20.8700008392334,18.360000610351562,20.75,44400,20.114320755004883,0.0
INBK,2020-03-11,20.030000686645508,20.030000686645508,18.200000762939453,18.739999771118164,44100,18.165895462036133,0.0
INBK,2020-03-12,18.0,18.0,15.510000228881836,16.18000030517578,35300,15.684324264526367,0.0
INBK,2020-03-13,17.31999969482422,18.239999771118164,15.920000076293945,17.700000762939453,31700,17.157758712768555,0.0
INBK,2020-03-16,15.930000305175781,16.540000915527344,14.800000190734863,15.5,29800,15.025156021118164,0.0
INBK,2020-03-17,15.5,16.479999542236328,14.520000457763672,15.329999923706055,88200,14.86036205291748,0.0
INBK,2020-03-18,15.239999771118164,15.239999771118164,12.130000114440918,12.359999656677246,59200,11.98134994506836,0.0
INBK,2020-03-19,12.260000228881836,15.739999771118164,12.260000228881836,14.979999542236328,109400,14.521087646484375,0.0
INBK,2020-03-20,14.699999809265137,15.4399995803833,12.890000343322754,13.199999809265137,86900,12.795616149902344,0.0
INBK,2020-03-23,12.8100004196167,12.949999809265137,10.470000267028809,12.5600004196167,38000,12.175222396850586,0.0
INBK,2020-03-24,13.289999961853027,14.029999732971191,12.850000381469727,13.84000015258789,62400,13.416009902954102,0.0
INBK,2020-03-25,13.970000267028809,14.569999694824219,13.180000305175781,14.180000305175781,99700,13.745594024658203,0.0
INBK,2020-03-26,14.640000343322754,16.950000762939453,14.640000343322754,16.729999542236328,46800,16.21747398376465,0.0
INBK,2020-03-27,15.960000038146973,16.489999771118164,15.3100004196167,16.030000686645508,32800,15.538921356201172,0.0
INBK,2020-03-30,16.1200008392334,16.950000762939453,15.90999984741211,16.950000762939453,29100,16.492467880249023,0.06
INBK,2020-03-31,16.799999237060547,17.059999465942383,16.0,16.420000076293945,81000,15.976774215698242,0.0
INBK,2020-04-01,15.710000038146973,15.739999771118164,14.170000076293945,14.399999618530273,32300,14.011299133300781,0.0
INBK,2020-04-02,14.329999923706055,15.760000228881836,14.109999656677246,15.319999694824219,34200,14.906464576721191,0.0
INBK,2020-04-03,15.050000190734863,15.5,13.4399995803833,13.90999984741211,47500,13.534526824951172,0.0
INBK,2020-04-06,14.229999542236328,15.520000457763672,14.229999542236328,15.380000114440918,49700,14.964844703674316,0.0
INBK,2020-04-07,16.040000915527344,16.600000381469727,15.180000305175781,15.670000076293945,33700,15.247017860412598,0.0
INBK,2020-04-08,16.0,16.0,15.130000114440918,15.859999656677246,46400,15.43188762664795,0.0
INBK,2020-04-09,16.350000381469727,19.290000915527344,15.640000343322754,18.389999389648438,67900,17.893596649169922,0.0
INBK,2020-04-13,18.360000610351562,18.760000228881836,16.969999313354492,18.579999923706055,59900,18.078468322753906,0.0
INBK,2020-04-14,18.81999969482422,18.81999969482422,16.889999389648438,17.200000762939453,43200,16.7357177734375,0.0
INBK,2020-04-15,16.940000534057617,16.940000534057617,15.210000038146973,15.329999923706055,30200,14.916193962097168,0.0
INBK,2020-04-16,15.1899995803833,16.209999084472656,13.5600004196167,14.020000457763672,47800,13.641556739807129,0.0
INBK,2020-04-17,14.8100004196167,15.069999694824219,14.039999961853027,14.5600004196167,41800,14.166980743408203,0.0
INBK,2020-04-20,14.039999961853027,14.470000267028809,13.770000457763672,14.260000228881836,27200,13.875076293945312,0.0
INBK,2020-04-21,13.65999984741211,13.920000076293945,13.430000305175781,13.649999618530273,27700,13.281542778015137,0.0
INBK,2020-04-22,14.09000015258789,14.09000015258789,12.869999885559082,13.399999618530273,94400,13.038290977478027,0.0
INBK,2020-04-23,13.960000038146973,14.1899995803833,12.819999694824219,13.239999771118164,84200,12.882611274719238,0.0
INBK,2020-04-24,13.300000190734863,14.270000457763672,12.869999885559082,14.270000457763672,128300,13.884808540344238,0.0
INBK,2020-04-27,14.539999961853027,16.420000076293945,14.350000381469727,15.869999885559082,53200,15.441617012023926,0.0
INBK,2020-04-28,16.489999771118164,16.510000228881836,14.489999771118164,15.1899995803833,52500,14.779973983764648,0.0
INBK,2020-04-29,15.949999809265137,16.989999771118164,15.760000228881836,16.8799991607666,84300,16.42435646057129,0.0
INBK,2020-04-30,16.170000076293945,16.229999542236328,15.34000015258789,15.699999809265137,40600,15.276208877563477,0.0
INBK,2020-05-01,15.1899995803833,15.520000457763672,14.569999694824219,15.489999771118164,65900,15.071876525878906,0.0
INBK,2020-05-04,15.149999618530273,15.770000457763672,14.420000076293945,15.40999984741211,33200,14.994034767150879,0.0
INBK,2020-05-05,15.890000343322754,16.280000686645508,14.260000228881836,14.399999618530273,27300,14.011299133300781,0.0
INBK,2020-05-06,14.600000381469727,14.600000381469727,13.649999618530273,13.649999618530273,31900,13.281542778015137,0.0
INBK,2020-05-07,14.039999961853027,14.640000343322754,14.029999732971191,14.4399995803833,33600,14.050217628479004,0.0
INBK,2020-05-08,14.9399995803833,15.359999656677246,14.800000190734863,15.0600004196167,47800,14.653484344482422,0.0
INBK,2020-05-11,14.819999694824219,14.899999618530273,14.119999885559082,14.420000076293945,39600,14.030757904052734,0.0
INBK,2020-05-12,14.619999885559082,14.619999885559082,12.869999885559082,13.279999732971191,38500,12.921531677246094,0.0
INBK,2020-05-13,13.079999923706055,13.399999618530273,12.4399995803833,12.770000457763672,43100,12.425297737121582,0.0
INBK,2020-05-14,12.350000381469727,12.979999542236328,11.430000305175781,12.710000038146973,72300,12.36691665649414,0.0
INBK,2020-05-15,12.770000457763672,13.369999885559082,12.489999771118164,13.170000076293945,28400,12.814499855041504,0.0
INBK,2020-05-18,13.989999771118164,14.75,13.649999618530273,14.65999984741211,55800,14.26427936553955,0.0
INBK,2020-05-19,14.489999771118164,14.600000381469727,13.640000343322754,13.84000015258789,29900,13.466415405273438,0.0
INBK,2020-05-20,14.270000457763672,14.770000457763672,14.09000015258789,14.380000114440918,31400,13.991838455200195,0.0
INBK,2020-05-21,14.350000381469727,14.6899995803833,14.210000038146973,14.369999885559082,25000,13.982109069824219,0.0
INBK,2020-05-22,14.550000190734863,14.600000381469727,14.039999961853027,14.300000190734863,31500,13.913997650146484,0.0
INBK,2020-05-26,14.989999771118164,15.930000305175781,14.65999984741211,15.619999885559082,37200,15.198365211486816,0.0
INBK,2020-05-27,16.389999389648438,18.440000534057617,16.239999771118164,18.030000686645508,94100,17.543315887451172,0.0
INBK,2020-05-28,18.459999084472656,18.5,16.719999313354492,16.989999771118164,70000,16.531387329101562,0.0
INBK,2020-05-29,16.93000030517578,16.93000030517578,15.899999618530273,16.079999923706055,38800,15.645950317382812,0.0
INBK,2020-06-01,16.329999923706055,17.479999542236328,15.890000343322754,16.09000015258789,58200,15.655681610107422,0.0
INBK,2020-06-02,16.510000228881836,16.81999969482422,15.579999923706055,15.90999984741211,30500,15.48054027557373,0.0
INBK,2020-06-03,16.440000534057617,17.18000030517578,16.229999542236328,16.649999618530273,42500,16.2005672454834,0.0
INBK,2020-06-04,16.559999465942383,17.450000762939453,16.559999465942383,17.229999542236328,43200,16.764907836914062,0.0
INBK,2020-06-05,18.31999969482422,19.110000610351562,18.020000457763672,18.59000015258789,47200,18.088197708129883,0.0
INBK,2020-06-08,19.309999465942383,19.639999389648438,18.520000457763672,18.799999237060547,44600,18.29252815246582,0.0
INBK,2020-06-09,18.260000228881836,18.850000381469727,17.68000030517578,18.25,34400,17.757375717163086,0.0
INBK,2020-06-10,18.15999984741211,19.0,17.639999389648438,18.84000015258789,85200,18.331443786621094,0.0
INBK,2020-06-11,17.610000610351562,18.0,16.190000534057617,16.530000686645508,63900,16.08380699157715,0.0
INBK,2020-06-12,17.389999389648438,17.450000762939453,16.309999465942383,17.059999465942383,36800,16.5994930267334,0.0
INBK,2020-06-15,16.239999771118164,17.0,15.800000190734863,16.899999618530273,43700,16.443819046020508,0.0
INBK,2020-06-16,17.950000762939453,17.950000762939453,16.850000381469727,17.260000228881836,25500,16.794099807739258,0.0
INBK,2020-06-17,17.440000534057617,17.440000534057617,16.18000030517578,16.799999237060547,34800,16.346515655517578,0.0
INBK,2020-06-18,16.420000076293945,17.309999465942383,15.649999618530273,16.829999923706055,32000,16.375701904296875,0.0
INBK,2020-06-19,17.190000534057617,17.209999084472656,16.09000015258789,16.440000534057617,53100,15.996236801147461,0.0
INBK,2020-06-22,16.1299991607666,16.93000030517578,16.1299991607666,16.610000610351562,25000,16.161645889282227,0.0
INBK,2020-06-23,16.90999984741211,16.940000534057617,16.290000915527344,16.389999389648438,14700,15.947580337524414,0.0
INBK,2020-06-24,16.0,16.530000686645508,15.5,16.15999984741211,69200,15.723788261413574,0.0
INBK,2020-06-25,15.920000076293945,16.809999465942383,15.819999694824219,16.739999771118164,67900,16.28813362121582,0.0
INBK,2020-06-26,16.360000610351562,16.81999969482422,15.5600004196167,16.760000228881836,135900,16.307598114013672,0.0
INBK,2020-06-29,17.1200008392334,17.75,16.1200008392334,16.469999313354492,45400,16.082998275756836,0.06
INBK,2020-06-30,16.489999771118164,16.979999542236328,16.059999465942383,16.6200008392334,38200,16.229476928710938,0.0
INBK,2020-07-01,16.790000915527344,16.790000915527344,16.200000762939453,16.459999084472656,33700,16.073232650756836,0.0
INBK,2020-07-02,16.93000030517578,16.959999084472656,15.789999961853027,15.920000076293945,19600,15.54592227935791,0.0
INBK,2020-07-06,16.280000686645508,16.520000457763672,16.020000457763672,16.34000015258789,23600,15.956053733825684,0.0
INBK,2020-07-07,16.010000228881836,16.010000228881836,15.180000305175781,15.180000305175781,26900,14.823312759399414,0.0
INBK,2020-07-08,15.260000228881836,15.380000114440918,14.850000381469727,15.260000228881836,41100,14.9014310836792,0.0
INBK,2020-07-09,15.130000114440918,15.170000076293945,14.069999694824219,14.319999694824219,55600,13.983518600463867,0.0
INBK,2020-07-10,14.210000038146973,15.619999885559082,14.210000038146973,15.510000228881836,23400,15.145556449890137,0.0
INBK,2020-07-13,15.880000114440918,15.880000114440918,15.350000381469727,15.430000305175781,28000,15.067438125610352,0.0
INBK,2020-07-14,15.270000457763672,15.600000381469727,14.819999694824219,15.010000228881836,34100,14.657307624816895,0.0
INBK,2020-07-15,15.720000267028809,16.079999923706055,15.579999923706055,15.779999732971191,41500,15.409212112426758,0.0
INBK,2020-07-16,15.510000228881836,15.979999542236328,15.390000343322754,15.619999885559082,47400,15.252972602844238,0.0
INBK,2020-07-17,15.579999923706055,15.880000114440918,15.140000343322754,15.359999656677246,32700,14.999082565307617,0.0
INBK,2020-07-20,15.380000114440918,16.989999771118164,14.609999656677246,14.90999984741211,34100,14.55965518951416,0.0
INBK,2020-07-21,15.260000228881836,16.030000686645508,15.260000228881836,15.699999809265137,55700,15.331093788146973,0.0
INBK,2020-07-22,15.699999809265137,15.850000381469727,15.09000015258789,15.800000190734863,33700,15.428741455078125,0.0
INBK,2020-07-23,15.470000267028809,15.470000267028809,14.569999694824219,14.920000076293945,138200,14.56942081451416,0.0
INBK,2020-07-24,15.460000038146973,15.460000038146973,14.960000038146973,15.09000015258789,95500,14.73542594909668,0.0
INBK,2020-07-27,15.130000114440918,15.34000015258789,14.600000381469727,14.90999984741211,50600,14.55965518951416,0.0
INBK,2020-07-28,14.989999771118164,15.399999618530273,14.050000190734863,14.140000343322754,80800,13.80774974822998,0.0
INBK,2020-07-29,14.460000038146973,14.5,14.109999656677246,14.289999961853027,44000,13.954224586486816,0.0
INBK,2020-07-30,14.109999656677246,14.539999961853027,14.0,14.210000038146973,32500,13.876104354858398,0.0
INBK,2020-07-31,14.34000015258789,14.90999984741211,14.3100004196167,14.649999618530273,87500,14.305763244628906,0.0
INBK,2020-08-03,14.569999694824219,14.649999618530273,14.380000114440918,14.5,40500,14.15928840637207,0.0
INBK,2020-08-04,14.5,14.510000228881836,14.180000305175781,14.479999542236328,57000,14.13975715637207,0.0
INBK,2020-08-05,14.5,14.520000457763672,14.210000038146973,14.5,26000,14.15928840637207,0.0
INBK,2020-08-06,14.479999542236328,14.529999732971191,14.300000190734863,14.359999656677246,21000,14.022578239440918,0.0
INBK,2020-08-07,14.430000305175781,14.640000343322754,13.989999771118164,14.640000343322754,75400,14.296000480651855,0.0
INBK,2020-08-10,14.619999885559082,15.300000190734863,14.619999885559082,14.970000267028809,77400,14.618245124816895,0.0
INBK,2020-08-11,15.359999656677246,15.729999542236328,15.170000076293945,15.270000457763672,101500,14.9111967086792,0.0
INBK,2020-08-12,15.670000076293945,16.350000381469727,15.65999984741211,16.31999969482422,79800,15.936525344848633,0.0
INBK,2020-08-13,16.09000015258789,16.440000534057617,15.739999771118164,15.850000381469727,29600,15.477567672729492,0.0
INBK,2020-08-14,15.229999542236328,16.0,15.229999542236328,15.75,60300,15.379918098449707,0.0
INBK,2020-08-17,15.619999885559082,15.680000305175781,15.34000015258789,15.420000076293945,22800,15.057671546936035,0.0
INBK,2020-08-18,15.4399995803833,15.4399995803833,15.050000190734863,15.15999984741211,44600,14.803780555725098,0.0
INBK,2020-08-19,15.270000457763672,15.619999885559082,15.25,15.270000457763672,19500,14.9111967086792,0.0
INBK,2020-08-20,15.079999923706055,15.25,15.0600004196167,15.069999694824219,19700,14.715893745422363,0.0
INBK,2020-08-21,15.079999923706055,15.329999923706055,14.399999618530273,14.4399995803833,62600,14.100698471069336,0.0
INBK,2020-08-24,14.640000343322754,15.239999771118164,14.609999656677246,15.140000343322754,30600,14.78425121307373,0.0
INBK,2020-08-25,15.170000076293945,15.470000267028809,15.100000381469727,15.300000190734863,81600,14.94049072265625,0.0
INBK,2020-08-26,15.34000015258789,15.350000381469727,14.600000381469727,14.609999656677246,39100,14.266705513000488,0.0
INBK,2020-08-27,14.699999809265137,15.199999809265137,14.699999809265137,14.819999694824219,38400,14.471772193908691,0.0
INBK,2020-08-28,15.0600004196167,15.199999809265137,14.829999923706055,15.039999961853027,14600,14.686601638793945,0.0
INBK,2020-08-31,14.920000076293945,14.920000076293945,14.5600004196167,14.609999656677246,31600,14.266705513000488,0.0
INBK,2020-09-01,14.489999771118164,15.329999923706055,14.399999618530273,15.329999923706055,57000,14.9697847366333,0.0
INBK,2020-09-02,15.270000457763672,15.319999694824219,14.829999923706055,15.289999961853027,31400,14.930727005004883,0.0
INBK,2020-09-03,15.399999618530273,15.779999732971191,15.09000015258789,15.199999809265137,50700,14.842839241027832,0.0
INBK,2020-09-04,15.579999923706055,16.3700008392334,15.270000457763672,16.270000457763672,67400,15.887702941894531,0.0
INBK,2020-09-08,16.079999923706055,16.09000015258789,15.210000038146973,15.489999771118164,38400,15.126028060913086,0.0
INBK,2020-09-09,15.720000267028809,15.720000267028809,15.390000343322754,15.579999923706055,31900,15.213912010192871,0.0
INBK,2020-09-10,15.729999542236328,15.970000267028809,15.609999656677246,15.819999694824219,41600,15.448272705078125,0.0
INBK,2020-09-11,15.75,16.34000015258789,15.75,15.890000343322754,45100,15.51662826538086,0.0
INBK,2020-09-14,16.100000381469727,16.3799991607666,15.989999771118164,16.280000686645508,17800,15.897465705871582,0.0
INBK,2020-09-15,16.40999984741211,16.530000686645508,16.25,16.420000076293945,35400,16.0341739654541,0.0
INBK,2020-09-16,16.5,16.809999465942383,16.399999618530273,16.670000076293945,40200,16.27829933166504,0.0
INBK,2020-09-17,16.530000686645508,16.729999542236328,16.5,16.709999084472656,40100,16.317358016967773,0.0
INBK,2020-09-18,16.84000015258789,16.84000015258789,16.25,16.25,52800,15.868171691894531,0.0
INBK,2020-09-21,15.880000114440918,15.949999809265137,15.199999809265137,15.40999984741211,43900,15.047905921936035,0.0
INBK,2020-09-22,15.569999694824219,15.579999923706055,14.859999656677246,15.050000190734863,55900,14.696366310119629,0.0
INBK,2020-09-23,15.260000228881836,15.289999961853027,14.65999984741211,14.760000228881836,48200,14.413179397583008,0.0
INBK,2020-09-24,15.069999694824219,15.3100004196167,14.100000381469727,14.229999542236328,60800,13.89563274383545,0.0
INBK,2020-09-25,14.880000114440918,14.880000114440918,14.050000190734863,14.300000190734863,32300,13.9639892578125,0.0
INBK,2020-09-28,14.720000267028809,15.3100004196167,14.720000267028809,15.180000305175781,32600,14.823312759399414,0.0
INBK,2020-09-29,15.199999809265137,15.199999809265137,14.359999656677246,14.619999885559082,14200,14.276470184326172,0.0
INBK,2020-09-30,14.680000305175781,14.869999885559082,14.5600004196167,14.729999542236328,21600,14.443158149719238,0.06
INBK,2020-10-01,14.800000190734863,14.819999694824219,14.479999542236328,14.579999923706055,70100,14.296079635620117,0.0
INBK,2020-10-02,14.350000381469727,15.90999984741211,14.350000381469727,15.75,34400,15.443296432495117,0.0
INBK,2020-10-05,15.710000038146973,16.440000534057617,15.710000038146973,16.34000015258789,24500,16.021806716918945,0.0
INBK,2020-10-06,16.670000076293945,16.799999237060547,16.079999923706055,16.139999389648438,50400,15.825700759887695,0.0
INBK,2020-10-07,16.170000076293945,17.440000534057617,16.170000076293945,17.350000381469727,29300,17.01214027404785,0.0
INBK,2020-10-08,17.540000915527344,17.950000762939453,17.31999969482422,17.760000228881836,23400,17.414154052734375,0.0
INBK,2020-10-09,17.719999313354492,17.860000610351562,17.5,17.719999313354492,29100,17.374935150146484,0.0
INBK,2020-10-12,17.59000015258789,17.940000534057617,17.010000228881836,17.8799991607666,14800,17.531816482543945,0.0
INBK,2020-10-13,17.729999542236328,17.829999923706055,17.489999771118164,17.719999313354492,23700,17.374935150146484,0.0
INBK,2020-10-14,17.6299991607666,17.75,17.049999237060547,17.149999618530273,12700,16.81603240966797,0.0
INBK,2020-10-15,17.200000762939453,17.719999313354492,16.979999542236328,17.450000762939453,17800,17.110193252563477,0.0
INBK,2020-10-16,17.3799991607666,17.850000381469727,17.329999923706055,17.43000030517578,13600,17.090579986572266,0.0
INBK,2020-10-19,17.5,17.5,17.020000457763672,17.06999969482422,12000,16.737592697143555,0.0
INBK,2020-10-20,17.239999771118164,17.8700008392334,16.959999084472656,17.639999389648438,13200,17.29648780822754,0.0
INBK,2020-10-21,17.399999618530273,17.690000534057617,17.290000915527344,17.59000015258789,10800,17.247465133666992,0.0
INBK,2020-10-22,18.65999984741211,21.93000030517578,18.65999984741211,20.219999313354492,82000,19.826251983642578,0.0
INBK,2020-10-23,22.190000534057617,23.139999389648438,21.809999465942383,22.639999389648438,80200,22.199127197265625,0.0
INBK,2020-10-26,22.229999542236328,23.200000762939453,22.200000762939453,23.1299991607666,26500,22.679580688476562,0.0
INBK,2020-10-27,23.040000915527344,23.040000915527344,22.010000228881836,22.31999969482422,26500,21.885358810424805,0.0
INBK,2020-10-28,22.639999389648438,22.639999389648438,21.739999771118164,21.899999618530273,27200,21.473535537719727,0.0
INBK,2020-10-29,22.43000030517578,22.65999984741211,21.6200008392334,22.309999465942383,18700,21.875553131103516,0.0
INBK,2020-10-30,22.079999923706055,22.579999923706055,21.34000015258789,21.520000457763672,35700,21.100933074951172,0.0
INBK,2020-11-02,22.059999465942383,23.079999923706055,21.68000030517578,23.040000915527344,34700,22.591339111328125,0.0
INBK,2020-11-03,23.469999313354492,24.950000762939453,23.270000457763672,23.959999084472656,32900,23.49342155456543,0.0
INBK,2020-11-04,23.43000030517578,23.469999313354492,21.889999389648438,23.229999542236328,18300,22.777637481689453,0.0
INBK,2020-11-05,23.229999542236328,24.75,23.229999542236328,24.18000030517578,13500,23.709138870239258,0.0
INBK,2020-11-06,24.25,24.25,23.06999969482422,23.15999984741211,17400,22.708995819091797,0.0
INBK,2020-11-09,25.0,26.149999618530273,24.290000915527344,25.06999969482422,72200,24.581804275512695,0.0
INBK,2020-11-10,25.0,27.06999969482422,25.0,26.360000610351562,45100,25.84668731689453,0.0
INBK,2020-11-11,26.690000534057617,27.09000015258789,25.8799991607666,26.25,34300,25.738828659057617,0.0
INBK,2020-11-12,25.950000762939453,25.950000762939453,24.360000610351562,24.969999313354492,39900,24.483755111694336,0.0
INBK,2020-11-13,25.229999542236328,26.760000228881836,25.110000610351562,26.440000534057617,14200,25.925127029418945,0.0
INBK,2020-11-16,27.030000686645508,27.1200008392334,25.959999084472656,26.809999465942383,42000,26.287919998168945,0.0
INBK,2020-11-17,26.079999923706055,27.09000015258789,25.600000381469727,26.93000030517578,17100,26.40558624267578,0.0
INBK,2020-11-18,26.950000762939453,27.770000457763672,25.93000030517578,25.959999084472656,38000,25.454469680786133,0.0
INBK,2020-11-19,26.290000915527344,26.290000915527344,25.540000915527344,26.040000915527344,11500,25.532917022705078,0.0
INBK,2020-11-20,25.700000762939453,26.600000381469727,25.700000762939453,26.399999618530273,19400,25.885908126831055,0.0
INBK,2020-11-23,26.790000915527344,27.100000381469727,26.0,26.270000457763672,20200,25.758438110351562,0.0
INBK,2020-11-24,26.93000030517578,28.489999771118164,26.68000030517578,27.350000381469727,41800,26.817407608032227,0.0
INBK,2020-11-25,26.959999084472656,27.389999389648438,25.920000076293945,26.649999618530273,19700,26.13103675842285,0.0
INBK,2020-11-27,26.709999084472656,27.0,26.200000762939453,26.489999771118164,8700,25.974153518676758,0.0
INBK,2020-11-30,25.40999984741211,26.5,25.260000228881836,25.579999923706055,34000,25.081872940063477,0.0
INBK,2020-12-01,25.860000610351562,25.940000534057617,24.450000762939453,25.260000228881836,58700,24.76810646057129,0.0
INBK,2020-12-02,25.329999923706055,26.639999389648438,25.329999923706055,26.5,40500,25.983959197998047,0.0
INBK,2020-12-03,26.5,26.959999084472656,25.989999771118164,26.600000381469727,20000,26.082012176513672,0.0
INBK,2020-12-04,27.170000076293945,27.450000762939453,26.889999389648438,27.40999984741211,25100,26.876235961914062,0.0
INBK,2020-12-07,27.149999618530273,27.34000015258789,26.799999237060547,27.139999389648438,11500,26.611494064331055,0.0
INBK,2020-12-08,26.90999984741211,27.729999542236328,26.90999984741211,27.729999542236328,22000,27.190004348754883,0.0
INBK,2020-12-09,27.729999542236328,28.40999984741211,27.6299991607666,28.110000610351562,23100,27.562606811523438,0.0
INBK,2020-12-10,27.760000228881836,28.139999389648438,27.649999618530273,27.84000015258789,13900,27.297866821289062,0.0
INBK,2020-12-11,27.719999313354492,27.81999969482422,27.25,27.540000915527344,15700,27.003705978393555,0.0
INBK,2020-12-14,27.899999618530273,28.110000610351562,26.68000030517578,27.0,29800,26.47422218322754,0.0
INBK,2020-12-15,27.15999984741211,29.049999237060547,27.049999237060547,28.979999542236328,28000,28.41566276550293,0.0
INBK,2020-12-16,28.84000015258789,29.739999771118164,27.68000030517578,27.899999618530273,33900,27.356698989868164,0.0
INBK,2020-12-17,28.469999313354492,28.5,27.229999542236328,28.100000381469727,41800,27.55280303955078,0.0
INBK,2020-12-18,28.290000915527344,28.959999084472656,27.68000030517578,27.8700008392334,87800,27.327280044555664,0.0
INBK,2020-12-21,28.09000015258789,28.889999389648438,27.920000076293945,28.459999084472656,52700,27.905790328979492,0.0
INBK,2020-12-22,28.350000381469727,29.350000381469727,28.350000381469727,28.90999984741211,32900,28.347026824951172,0.0
INBK,2020-12-23,29.0,29.690000534057617,28.81999969482422,29.329999923706055,37700,28.75885009765625,0.0
INBK,2020-12-24,29.31999969482422,29.399999618530273,28.3799991607666,28.920000076293945,8500,28.356830596923828,0.0
INBK,2020-12-28,28.540000915527344,29.219999313354492,28.389999389648438,28.780000686645508,17100,28.219560623168945,0.0
INBK,2020-12-29,28.93000030517578,28.93000030517578,28.010000228881836,28.389999389648438,16200,27.83715057373047,0.0
INBK,2020-12-30,28.079999923706055,28.75,28.010000228881836,28.479999542236328,30200,27.984540939331055,0.06
INBK,2020-12-31,28.5,29.190000534057617,28.450000762939453,28.739999771118164,14700,28.240020751953125,0.0
INBK,2021-01-04,28.729999542236328,28.729999542236328,27.350000381469727,27.850000381469727,58700,27.36550521850586,0.0
INBK,2021-01-05,27.90999984741211,28.510000228881836,27.329999923706055,27.559999465942383,21100,27.080547332763672,0.0
INBK,2021-01-06,28.3700008392334,30.25,28.3700008392334,29.549999237060547,36800,29.035926818847656,0.0
INBK,2021-01-07,29.670000076293945,30.239999771118164,27.760000228881836,30.059999465942383,46900,29.537057876586914,0.0
INBK,2021-01-08,30.25,30.270000457763672,29.549999237060547,30.270000457763672,29500,29.7434024810791,0.0
INBK,2021-01-11,29.75,30.850000381469727,29.670000076293945,30.440000534057617,14700,29.910449981689453,0.0
INBK,2021-01-12,30.709999084472656,30.75,30.0,30.700000762939453,24200,30.165924072265625,0.0
INBK,2021-01-13,29.799999237060547,30.6200008392334,29.799999237060547,30.200000762939453,10800,29.67462158203125,0.0
INBK,2021-01-14,30.3799991607666,31.5,30.360000610351562,30.889999389648438,24000,30.352617263793945,0.0
INBK,2021-01-15,30.68000030517578,31.079999923706055,30.34000015258789,30.850000381469727,20400,30.31331443786621,0.0
INBK,2021-01-19,30.850000381469727,31.0,29.610000610351562,30.1299991607666,32100,29.605838775634766,0.0
INBK,2021-01-20,30.020000457763672,30.75,29.6299991607666,30.450000762939453,28400,29.92027473449707,0.0
INBK,2021-01-21,31.0,32.38999938964844,31.0,31.68000030517578,52100,31.128873825073242,0.0
INBK,2021-01-22,31.229999542236328,32.4900016784668,31.0,32.4900016784668,34000,31.924787521362305,0.0
INBK,2021-01-25,32.06999969482422,32.43000030517578,30.959999084472656,32.25,22300,31.6889591217041,0.0
INBK,2021-01-26,32.279998779296875,32.86000061035156,31.420000076293945,31.610000610351562,21700,31.06009292602539,0.0
INBK,2021-01-27,30.799999237060547,31.389999389648438,29.450000762939453,30.940000534057617,44900,30.401748657226562,0.0
INBK,2021-01-28,31.1200008392334,32.58000183105469,30.790000915527344,32.15999984741211,30900,31.60052490234375,0.0
INBK,2021-01-29,31.770000457763672,32.029998779296875,29.649999618530273,30.6200008392334,35300,30.087316513061523,0.0
INBK,2021-02-01,31.719999313354492,32.560001373291016,30.790000915527344,31.299999237060547,25200,30.75548553466797,0.0
INBK,2021-02-02,32.099998474121094,32.2400016784668,31.3799991607666,31.719999313354492,32500,31.16817855834961,0.0
INBK,2021-02-03,31.5,31.790000915527344,31.079999923706055,31.540000915527344,15700,30.991310119628906,0.0
INBK,2021-02-04,31.700000762939453,33.95000076293945,31.540000915527344,33.869998931884766,54100,33.28078079223633,0.0
INBK,2021-02-05,33.95000076293945,34.65999984741211,33.20000076293945,33.83000183105469,22700,33.24147033691406,0.0
INBK,2021-02-08,33.939998626708984,34.75,33.279998779296875,33.93000030517578,39500,33.33973693847656,0.0
INBK,2021-02-09,34.0,34.08000183105469,32.38999938964844,33.130001068115234,45500,32.55364990234375,0.0
INBK,2021-02-10,33.22999954223633,33.2400016784668,31.8700008392334,31.979999542236328,39300,31.42365264892578,0.0
INBK,2021-02-11,31.8700008392334,32.25,30.139999389648438,30.709999084472656,100600,30.175750732421875,0.0
INBK,2021-02-12,30.549999237060547,31.329999923706055,30.190000534057617,31.25,39500,30.70635414123535,0.0
INBK,2021-02-16,31.559999465942383,32.2400016784668,31.239999771118164,32.09000015258789,35700,31.531742095947266,0.0
INBK,2021-02-17,31.899999618530273,32.290000915527344,31.399999618530273,31.809999465942383,41600,31.25661277770996,0.0
INBK,2021-02-18,31.440000534057617,32.5,31.1200008392334,32.099998474121094,23700,31.54156494140625,0.0
INBK,2021-02-19,32.15999984741211,33.0099983215332,31.350000381469727,32.84000015258789,34400,32.26869583129883,0.0
INBK,2021-02-22,32.900001525878906,33.849998474121094,32.7599983215332,33.45000076293945,27100,32.86808776855469,0.0
INBK,2021-02-23,33.7599983215332,33.7599983215332,32.16999816894531,32.689998626708984,51500,32.121307373046875,0.0
INBK,2021-02-24,32.779998779296875,34.31999969482422,32.52000045776367,34.13999938964844,44100,33.546077728271484,0.0
INBK,2021-02-25,33.959999084472656,34.15999984741211,33.04999923706055,33.099998474121094,23800,32.524166107177734,0.0
INBK,2021-02-26,32.7400016784668,33.560001373291016,32.25,32.75,32800,32.18025588989258,0.0
INBK,2021-03-01,33.599998474121094,34.220001220703125,33.08000183105469,34.0099983215332,32400,33.4183349609375,0.0
INBK,2021-03-02,33.83000183105469,36.97999954223633,33.310001373291016,35.79999923706055,71300,35.17719650268555,0.0
INBK,2021-03-03,37.2400016784668,37.83000183105469,35.43000030517578,35.470001220703125,67200,34.852943420410156,0.0
INBK,2021-03-04,35.560001373291016,36.13999938964844,33.86000061035156,34.65999984741211,25300,34.05703353881836,0.0
INBK,2021-03-05,35.33000183105469,36.689998626708984,34.91999816894531,36.38999938964844,63700,35.75693130493164,0.0
INBK,2021-03-08,36.5,37.939998626708984,36.5,37.66999816894531,28100,37.014671325683594,0.0
INBK,2021-03-09,37.41999816894531,38.0,36.36000061035156,36.779998779296875,23500,36.14015197753906,0.0
INBK,2021-03-10,37.099998474121094,37.720001220703125,37.099998474121094,37.47999954223633,30800,36.827972412109375,0.0
INBK,2021-03-11,37.4900016784668,37.779998779296875,36.779998779296875,37.779998779296875,45900,37.12275695800781,0.0
INBK,2021-03-12,37.91999816894531,38.869998931884766,37.75,38.599998474121094,141600,37.928497314453125,0.0
INBK,2021-03-15,38.939998626708984,39.040000915527344,38.29999923706055,38.77000045776367,33100,38.09553146362305,0.0
INBK,2021-03-16,38.86000061035156,38.86000061035156,38.060001373291016,38.5,35000,37.830230712890625,0.0
INBK,2021-03-17,38.41999816894531,38.65999984741211,36.029998779296875,38.2599983215332,46700,37.594398498535156,0.0
INBK,2021-03-18,38.540000915527344,39.869998931884766,38.5,38.540000915527344,52400,37.86953353881836,0.0
INBK,2021-03-19,38.22999954223633,39.11000061035156,36.81999969482422,37.779998779296875,93100,37.12275695800781,0.0
INBK,2021-03-22,38.56999969482422,41.54999923706055,36.97999954223633,36.97999954223633,54800,36.336669921875,0.0
INBK,2021-03-23,36.939998626708984,37.54999923706055,35.040000915527344,35.18000030517578,51500,34.56798553466797,0.0
INBK,2021-03-24,35.880001068115234,37.61000061035156,34.20000076293945,34.20000076293945,38000,33.60503387451172,0.0
INBK,2021-03-25,34.5099983215332,36.04999923706055,33.470001220703125,35.529998779296875,42200,34.91189956665039,0.0
INBK,2021-03-26,36.15999984741211,36.650001525878906,35.79999923706055,36.400001525878906,26400,35.76676559448242,0.0
INBK,2021-03-29,35.720001220703125,36.66999816894531,35.060001373291016,35.20000076293945,33900,34.587642669677734,0.0
INBK,2021-03-30,36.0,36.189998626708984,35.31999969482422,35.86000061035156,25700,35.296321868896484,0.06
INBK,2021-03-31,35.45000076293945,36.0,34.630001068115234,35.22999954223633,52500,34.676231384277344,0.0
INBK,2021-04-01,35.130001068115234,35.650001525878906,34.63999938964844,35.45000076293945,22500,34.89277267456055,0.0
INBK,2021-04-05,36.310001373291016,36.310001373291016,35.189998626708984,35.709999084472656,27200,35.148677825927734,0.0
INBK,2021-04-06,35.5099983215332,36.279998779296875,35.38999938964844,35.849998474121094,28800,35.2864875793457,0.0
INBK,2021-04-07,36.150001525878906,36.150001525878906,35.13999938964844,35.45000076293945,27800,34.89277267456055,0.0
INBK,2021-04-08,35.189998626708984,35.619998931884766,34.56999969482422,35.459999084472656,23500,34.90260314941406,0.0
INBK,2021-04-09,35.709999084472656,35.90999984741211,34.959999084472656,35.02000045776367,35100,34.46952438354492,0.0
INBK,2021-04-12,35.33000183105469,35.689998626708984,34.099998474121094,34.79999923706055,12600,34.252986907958984,0.0
INBK,2021-04-13,34.54999923706055,34.650001525878906,33.66999816894531,34.25,28100,33.71162796020508,0.0
INBK,2021-04-14,33.869998931884766,35.459999084472656,33.869998931884766,34.54999923706055,23600,34.006919860839844,0.0
INBK,2021-04-15,35.09000015258789,35.09000015258789,34.0099983215332,34.209999084472656,23800,33.67226028442383,0.0
INBK,2021-04-16,34.709999084472656,35.38999938964844,34.2599983215332,34.79999923706055,19700,34.252986907958984,0.0
INBK,2021-04-19,34.959999084472656,35.189998626708984,34.2400016784668,34.400001525878906,33500,33.859275817871094,0.0
INBK,2021-04-20,34.33000183105469,34.599998474121094,33.099998474121094,33.43000030517578,38600,32.904518127441406,0.0
INBK,2021-04-21,33.36000061035156,34.20000076293945,33.36000061035156,33.95000076293945,27400,33.41634750366211,0.0
INBK,2021-04-22,38.38999938964844,38.38999938964844,34.09000015258789,34.439998626708984,47700,33.898643493652344,0.0
INBK,2021-04-23,34.36000061035156,36.91999816894531,34.36000061035156,36.41999816894531,34900,35.84751892089844,0.0
INBK,2021-04-26,36.709999084472656,37.189998626708984,35.380001068115234,35.709999084472656,45700,35.148677825927734,0.0
INBK,2021-04-27,35.560001373291016,37.459999084472656,33.9900016784668,34.849998474121094,57500,34.30220031738281,0.0
INBK,2021-04-28,34.75,35.5,34.06999969482422,34.220001220703125,20600,33.682106018066406,0.0
INBK,2021-04-29,34.68000030517578,35.47999954223633,34.38999938964844,34.5099983215332,27000,33.9675407409668,0.0
INBK,2021-04-30,34.54999923706055,35.0,33.7400016784668,34.349998474121094,42800,33.81005859375,0.0
INBK,2021-05-03,34.5,35.77000045776367,34.349998474121094,35.59000015258789,25000,35.03056716918945,0.0
INBK,2021-05-04,35.18000030517578,35.560001373291016,34.22999954223633,35.029998779296875,34700,34.479373931884766,0.0
INBK,2021-05-05,35.150001525878906,35.150001525878906,33.880001068115234,34.54999923706055,24100,34.006919860839844,0.0
INBK,2021-05-06,34.33000183105469,34.95000076293945,33.970001220703125,34.79999923706055,14100,34.252986907958984,0.0
INBK,2021-05-07,34.59000015258789,35.119998931884766,34.45000076293945,34.5,16700,33.957698822021484,0.0
INBK,2021-05-10,34.79999923706055,35.630001068115234,34.79999923706055,35.310001373291016,39000,34.754966735839844,0.0
INBK,2021-05-11,34.93000030517578,35.119998931884766,34.5099983215332,34.849998474121094,21600,34.30220031738281,0.0
INBK,2021-05-12,35.08000183105469,35.13999938964844,33.11000061035156,33.650001525878906,34700,33.12105941772461,0.0
INBK,2021-05-13,34.34000015258789,35.189998626708984,34.20000076293945,34.90999984741211,36500,34.36125183105469,0.0
INBK,2021-05-14,35.25,35.849998474121094,35.22999954223633,35.72999954223633,27200,35.16836166381836,0.0
INBK,2021-05-17,35.45000076293945,35.880001068115234,35.209999084472656,35.36000061035156,39400,34.80418014526367,0.0
INBK,2021-05-18,35.43000030517578,35.97999954223633,35.22999954223633,35.36000061035156,19100,34.80418014526367,0.0
INBK,2021-05-19,34.72999954223633,35.0,34.0,34.81999969482422,21300,34.27267074584961,0.0
INBK,2021-05-20,34.5,34.93000030517578,34.09000015258789,34.849998474121094,23100,34.30220031738281,0.0
INBK,2021-05-21,35.27000045776367,35.29999923706055,34.56999969482422,35.02000045776367,16400,34.46952438354492,0.0
INBK,2021-05-24,35.02000045776367,35.02000045776367,34.29999923706055,34.4900016784668,16700,33.94785690307617,0.0
INBK,2021-05-25,34.439998626708984,34.540000915527344,33.04999923706055,33.04999923706055,36600,32.53049087524414,0.0
INBK,2021-05-26,33.470001220703125,33.93000030517578,33.060001373291016,33.720001220703125,12800,33.18996047973633,0.0
INBK,2021-05-27,34.02000045776367,34.279998779296875,33.63999938964844,34.20000076293945,14300,33.66242218017578,0.0
INBK,2021-05-28,34.189998626708984,34.189998626708984,33.5,33.91999816894531,24000,33.386817932128906,0.0
INBK,2021-06-01,33.959999084472656,34.13999938964844,33.720001220703125,34.08000183105469,26800,33.5443000793457,0.0
INBK,2021-06-02,33.81999969482422,34.130001068115234,33.4900016784668,33.5099983215332,30400,32.98325729370117,0.0
INBK,2021-06-03,33.63999938964844,34.06999969482422,33.18000030517578,33.88999938964844,17400,33.35729217529297,0.0
INBK,2021-06-04,33.630001068115234,34.060001373291016,33.619998931884766,33.81999969482422,26200,33.288387298583984,0.0
INBK,2021-06-07,34.06999969482422,34.06999969482422,33.439998626708984,33.75,34400,33.219486236572266,0.0
INBK,2021-06-08,33.650001525878906,34.380001068115234,33.4900016784668,33.88999938964844,18700,33.35729217529297,0.0
INBK,2021-06-09,34.04999923706055,34.04999923706055,33.560001373291016,33.95000076293945,25900,33.41634750366211,0.0
INBK,2021-06-10,34.349998474121094,34.790000915527344,32.970001220703125,33.0,29100,32.48127365112305,0.0
INBK,2021-06-11,33.31999969482422,33.40999984741211,33.029998779296875,33.25,14500,32.72734832763672,0.0
INBK,2021-06-14,33.310001373291016,33.5,32.599998474121094,32.88999938964844,25100,32.373008728027344,0.0
INBK,2021-06-15,32.91999816894531,33.220001220703125,32.209999084472656,32.849998474121094,34700,32.33363342285156,0.0
INBK,2021-06-16,33.040000915527344,33.86000061035156,32.70000076293945,33.529998779296875,27400,33.00294876098633,0.0
INBK,2021-06-17,33.709999084472656,33.709999084472656,32.5099983215332,32.810001373291016,63400,32.294273376464844,0.0
INBK,2021-06-18,32.220001220703125,32.220001220703125,30.149999618530273,30.219999313354492,120800,29.74497413635254,0.0
INBK,2021-06-21,30.579999923706055,31.739999771118164,30.540000915527344,31.729999542236328,33700,31.231239318847656,0.0
INBK,2021-06-22,31.389999389648438,31.559999465942383,30.540000915527344,31.010000228881836,30800,30.522560119628906,0.0
INBK,2021-06-23,30.979999542236328,31.15999984741211,30.40999984741211,30.760000228881836,36900,30.2764892578125,0.0
INBK,2021-06-24,30.760000228881836,31.3799991607666,30.510000228881836,31.020000457763672,22400,30.532400131225586,0.0
INBK,2021-06-25,31.020000457763672,31.68000030517578,30.049999237060547,30.139999389648438,181300,29.66623306274414,0.0
INBK,2021-06-28,30.200000762939453,31.15999984741211,29.799999237060547,31.020000457763672,52700,30.532400131225586,0.0
INBK,2021-06-29,31.040000915527344,31.780000686645508,29.8799991607666,30.459999084472656,56100,29.981203079223633,0.0
INBK,2021-06-30,30.5,31.43000030517578,30.5,30.979999542236328,63700,30.553213119506836,0.06
INBK,2021-07-01,31.110000610351562,31.530000686645508,30.729999542236328,31.010000228881836,23200,30.582799911499023,0.0
INBK,2021-07-02,31.1200008392334,31.440000534057617,30.56999969482422,30.979999542236328,47400,30.553213119506836,0.0
INBK,2021-07-06,30.979999542236328,30.979999542236328,29.899999618530273,30.559999465942383,46600,30.138999938964844,0.0
INBK,2021-07-07,30.84000015258789,30.889999389648438,29.93000030517578,30.1200008392334,38400,29.70506477355957,0.0
INBK,2021-07-08,29.600000381469727,30.93000030517578,29.600000381469727,30.049999237060547,41500,29.636022567749023,0.0
INBK,2021-07-09,30.6200008392334,31.469999313354492,30.600000381469727,30.790000915527344,28000,30.365835189819336,0.0
INBK,2021-07-12,30.670000076293945,31.270000457763672,30.670000076293945,31.260000228881836,20000,30.82935905456543,0.0
INBK,2021-07-13,31.1200008392334,33.040000915527344,30.149999618530273,30.6299991607666,30900,30.208036422729492,0.0
INBK,2021-07-14,30.770000457763672,30.850000381469727,30.389999389648438,30.639999389648438,29700,30.217897415161133,0.0
INBK,2021-07-15,30.709999084472656,31.420000076293945,30.3799991607666,31.40999984741211,36400,30.977291107177734,0.0
INBK,2021-07-16,31.530000686645508,31.68000030517578,30.700000762939453,30.90999984741211,24300,30.484180450439453,0.0
INBK,2021-07-19,30.049999237060547,30.5,29.770000457763672,29.940000534057617,44000,29.52754020690918,0.0
INBK,2021-07-20,30.059999465942383,32.0,30.040000915527344,31.18000030517578,43300,30.75046157836914,0.0
INBK,2021-07-21,31.6200008392334,31.799999237060547,31.209999084472656,31.399999618530273,15400,30.967430114746094,0.0
INBK,2021-07-22,31.420000076293945,31.420000076293945,30.190000534057617,30.549999237060547,51000,30.129138946533203,0.0
INBK,2021-07-23,30.559999465942383,30.649999618530273,29.760000228881836,29.969999313354492,33200,29.55712890625,0.0
INBK,2021-07-26,29.780000686645508,30.43000030517578,29.780000686645508,30.1299991607666,23800,29.714923858642578,0.0
INBK,2021-07-27,29.81999969482422,30.239999771118164,29.81999969482422,29.989999771118164,41900,29.576854705810547,0.0
INBK,2021-07-28,29.969999313354492,31.450000762939453,29.950000762939453,30.84000015258789,27100,30.415142059326172,0.0
INBK,2021-07-29,31.260000228881836,31.260000228881836,30.75,30.90999984741211,22700,30.484180450439453,0.0
INBK,2021-07-30,30.649999618530273,30.649999618530273,30.079999923706055,30.280000686645508,16200,29.862857818603516,0.0
INBK,2021-08-02,30.690000534057617,31.149999618530273,29.90999984741211,29.969999313354492,22000,29.55712890625,0.0
INBK,2021-08-03,29.979999542236328,30.540000915527344,29.75,30.40999984741211,35300,29.991065979003906,0.0
INBK,2021-08-04,29.959999084472656,30.559999465942383,29.90999984741211,30.100000381469727,13600,29.685338973999023,0.0
INBK,2021-08-05,30.149999618530273,30.700000762939453,30.149999618530273,30.639999389648438,15200,30.217897415161133,0.0
INBK,2021-08-06,30.700000762939453,31.579999923706055,30.700000762939453,31.200000762939453,23700,30.770183563232422,0.0
INBK,2021-08-09,31.25,31.34000015258789,30.610000610351562,30.8700008392334,12600,30.444730758666992,0.0
INBK,2021-08-10,30.899999618530273,31.549999237060547,30.5,31.399999618530273,18000,30.967430114746094,0.0
INBK,2021-08-11,31.299999237060547,31.56999969482422,31.15999984741211,31.56999969482422,12500,31.135086059570312,0.0
INBK,2021-08-12,31.31999969482422,31.43000030517578,30.989999771118164,31.190000534057617,12800,30.76032066345215,0.0
INBK,2021-08-13,31.1299991607666,31.1299991607666,30.15999984741211,30.309999465942383,7800,29.89244270324707,0.0
INBK,2021-08-16,30.260000228881836,30.75,30.0,30.280000686645508,14400,29.862857818603516,0.0
INBK,2021-08-17,30.110000610351562,30.270000457763672,29.850000381469727,29.860000610351562,13100,29.448646545410156,0.0
INBK,2021-08-18,30.3799991607666,30.610000610351562,29.850000381469727,29.850000381469727,14400,29.43878173828125,0.0
INBK,2021-08-19,29.700000762939453,30.139999389648438,29.59000015258789,29.920000076293945,24200,29.507814407348633,0.0
INBK,2021-08-20,29.75,30.450000762939453,29.59000015258789,30.239999771118164,18300,29.823408126831055,0.0
INBK,2021-08-23,30.420000076293945,30.639999389648438,30.139999389648438,30.219999313354492,30000,29.803682327270508,0.0
INBK,2021-08-24,30.329999923706055,30.6299991607666,30.010000228881836,30.18000030517578,24400,29.764236450195312,0.0
INBK,2021-08-25,30.25,30.450000762939453,29.93000030517578,29.950000762939453,9100,29.537405014038086,0.0
INBK,2021-08-26,29.899999618530273,30.1200008392334,29.649999618530273,29.809999465942383,17900,29.399333953857422,0.0
INBK,2021-08-27,30.040000915527344,30.600000381469727,29.850000381469727,30.600000381469727,24000,30.178449630737305,0.0
INBK,2021-08-30,30.600000381469727,30.600000381469727,29.809999465942383,29.809999465942383,12900,29.399333953857422,0.0
INBK,2021-08-31,29.75,30.290000915527344,29.719999313354492,29.719999313354492,9100,29.310569763183594,0.0
INBK,2021-09-01,29.770000457763672,29.790000915527344,29.3700008392334,29.739999771118164,14800,29.330297470092773,0.0
INBK,2021-09-02,29.799999237060547,30.59000015258789,29.799999237060547,30.59000015258789,17600,30.16858673095703,0.0
INBK,2021-09-03,30.290000915527344,30.479999542236328,29.899999618530273,30.25,15700,29.833271026611328,0.0
INBK,2021-09-07,30.209999084472656,30.209999084472656,29.799999237060547,29.8700008392334,12900,29.45850944519043,0.0
INBK,2021-09-08,29.860000610351562,29.860000610351562,29.100000381469727,29.229999542236328,19900,28.82732391357422,0.0
INBK,2021-09-09,29.43000030517578,30.0,28.989999771118164,28.989999771118164,21000,28.590627670288086,0.0
INBK,2021-09-10,29.280000686645508,29.280000686645508,28.049999237060547,28.149999618530273,31400,27.7622013092041,0.0
INBK,2021-09-13,28.450000762939453,29.110000610351562,28.450000762939453,28.93000030517578,30000,28.531455993652344,0.0
INBK,2021-09-14,29.190000534057617,29.299999237060547,28.110000610351562,28.459999084472656,18500,28.067930221557617,0.0
INBK,2021-09-15,28.719999313354492,28.799999237060547,28.31999969482422,28.6299991607666,15500,28.23558807373047,0.0
INBK,2021-09-16,28.639999389648438,29.360000610351562,28.579999923706055,28.899999618530273,20500,28.501867294311523,0.0
INBK,2021-09-17,28.969999313354492,30.399999618530273,28.799999237060547,30.239999771118164,84200,29.823408126831055,0.0
INBK,2021-09-20,29.40999984741211,29.670000076293945,29.010000228881836,29.40999984741211,32500,29.00484275817871,0.0
INBK,2021-09-21,29.1200008392334,29.469999313354492,29.010000228881836,29.1299991607666,17300,28.72869873046875,0.0
INBK,2021-09-22,29.510000228881836,29.790000915527344,29.299999237060547,29.489999771118164,7500,29.083742141723633,0.0
INBK,2021-09-23,29.940000534057617,30.209999084472656,29.860000610351562,30.040000915527344,14900,29.62616539001465,0.0
INBK,2021-09-24,30.34000015258789,30.34000015258789,29.149999618530273,30.010000228881836,23000,29.59657859802246,0.0
INBK,2021-09-27,30.25,31.100000381469727,30.059999465942383,30.90999984741211,35400,30.484180450439453,0.0
INBK,2021-09-28,31.06999969482422,31.170000076293945,30.559999465942383,30.600000381469727,14100,30.178449630737305,0.0
INBK,2021-09-29,30.790000915527344,31.399999618530273,30.790000915527344,31.31999969482422,14900,30.9492130279541,0.06
INBK,2021-09-30,31.31999969482422,31.770000457763672,31.18000030517578,31.18000030517578,14700,30.81087303161621,0.0
INBK,2021-10-01,31.0,31.5,30.809999465942383,30.950000762939453,25000,30.583595275878906,0.0
INBK,2021-10-04,31.110000610351562,31.5,31.0,31.190000534057617,13700,30.82075309753418,0.0
INBK,2021-10-05,31.40999984741211,31.479999542236328,31.200000762939453,31.25,7900,30.880041122436523,0.0
INBK,2021-10-06,30.979999542236328,31.5,30.90999984741211,31.100000381469727,12100,30.73181915283203,0.0
INBK,2021-10-07,31.0,31.43000030517578,30.56999969482422,31.110000610351562,39700,30.741701126098633,0.0
INBK,2021-10-08,30.93000030517578,31.5,30.8799991607666,31.360000610351562,20900,30.988739013671875,0.0
INBK,2021-10-11,31.530000686645508,31.799999237060547,31.43000030517578,31.5,20300,31.127084732055664,0.0
INBK,2021-10-12,31.5,31.729999542236328,31.309999465942383,31.729999542236328,12000,31.354360580444336,0.0
INBK,2021-10-13,31.700000762939453,31.760000228881836,31.450000762939453,31.670000076293945,24500,31.29507064819336,0.0
INBK,2021-10-14,31.799999237060547,32.45000076293945,31.700000762939453,32.11000061035156,56600,31.729860305786133,0.0
INBK,2021-10-15,32.529998779296875,33.02000045776367,32.15999984741211,32.2400016784668,40300,31.85832405090332,0.0
INBK,2021-10-18,32.380001068115234,32.7599983215332,32.08000183105469,32.22999954223633,22300,31.848440170288086,0.0
INBK,2021-10-19,32.47999954223633,32.79999923706055,31.959999084472656,32.7599983215332,34200,32.372161865234375,0.0
INBK,2021-10-20,32.84000015258789,33.93000030517578,32.33000183105469,33.27000045776367,17900,32.876129150390625,0.0
INBK,2021-10-21,34.54999923706055,37.0,34.2599983215332,35.72999954223633,80300,35.3070068359375,0.0
INBK,2021-10-22,36.5,36.869998931884766,35.779998779296875,35.779998779296875,57400,35.356414794921875,0.0
INBK,2021-10-25,35.970001220703125,36.0,34.970001220703125,35.25,55100,34.83269500732422,0.0
INBK,2021-10-26,35.61000061035156,35.93000030517578,34.79999923706055,34.970001220703125,15300,34.556007385253906,0.0
INBK,2021-10-27,34.79999923706055,35.25,34.16999816894531,34.16999816894531,15800,33.765472412109375,0.0
INBK,2021-10-28,34.41999816894531,34.52000045776367,34.0099983215332,34.09000015258789,14900,33.68642044067383,0.0
INBK,2021-10-29,34.099998474121094,34.5,33.86000061035156,34.040000915527344,23000,33.63701629638672,0.0
INBK,2021-11-01,34.290000915527344,34.849998474121094,33.90999984741211,34.849998474121094,19800,34.43742752075195,0.0
INBK,2021-11-02,35.13999938964844,39.5,35.0,39.45000076293945,161800,38.982967376708984,0.0
INBK,2021-11-03,39.29999923706055,44.20000076293945,39.29999923706055,43.61000061035156,94800,43.09371566772461,0.0
INBK,2021-11-04,43.650001525878906,44.0,42.470001220703125,43.22999954223633,40600,42.71821975708008,0.0
INBK,2021-11-05,43.40999984741211,44.29999923706055,42.15999984741211,43.68000030517578,34500,43.16289520263672,0.0
INBK,2021-11-08,43.95000076293945,44.439998626708984,42.369998931884766,43.7400016784668,53200,43.2221794128418,0.0
INBK,2021-11-09,43.56999969482422,43.779998779296875,42.7599983215332,43.34000015258789,38700,42.82691955566406,0.0
INBK,2021-11-10,43.400001525878906,45.4900016784668,43.400001525878906,45.18000030517578,82300,44.6451301574707,0.0
INBK,2021-11-11,45.150001525878906,45.869998931884766,43.72999954223633,45.439998626708984,50700,44.90205001831055,0.0
INBK,2021-11-12,45.91999816894531,45.91999816894531,43.45000076293945,44.97999954223633,27100,44.44750213623047,0.0
INBK,2021-11-15,45.25,45.65999984741211,45.0,45.27000045776367,27200,44.734066009521484,0.0
INBK,2021-11-16,45.41999816894531,45.41999816894531,44.22999954223633,44.810001373291016,28400,44.279510498046875,0.0
INBK,2021-11-17,44.41999816894531,44.880001068115234,43.18000030517578,44.41999816894531,42600,43.894126892089844,0.0
INBK,2021-11-18,44.5,44.70000076293945,44.2599983215332,44.54999923706055,35100,44.02259063720703,0.0
INBK,2021-11-19,43.900001525878906,44.630001068115234,42.02000045776367,44.34000015258789,28200,43.8150749206543,0.0
INBK,2021-11-22,44.369998931884766,46.45000076293945,42.7599983215332,45.400001525878906,68400,44.862525939941406,0.0
INBK,2021-11-23,45.5099983215332,46.900001525878906,45.150001525878906,46.75,74500,46.19654083251953,0.0
INBK,2021-11-24,46.79999923706055,46.939998626708984,45.349998474121094,45.900001525878906,35800,45.356605529785156,0.0
INBK,2021-11-26,44.61000061035156,44.61000061035156,43.0099983215332,43.81999969482422,32900,43.301231384277344,0.0
INBK,2021-11-29,44.52000045776367,44.52000045776367,43.54999923706055,43.79999923706055,32500,43.28146743774414,0.0
INBK,2021-11-30,43.20000076293945,43.72999954223633,42.75,43.310001373291016,63900,42.797271728515625,0.0
INBK,2021-12-01,44.04999923706055,44.599998474121094,43.0,43.0,38600,42.490943908691406,0.0
INBK,2021-12-02,43.599998474121094,45.619998931884766,42.040000915527344,44.63999938964844,50700,44.11152267456055,0.0
INBK,2021-12-03,45.2400016784668,45.2400016784668,43.4900016784668,43.88999938964844,29300,43.37040328979492,0.0
INBK,2021-12-06,44.4900016784668,45.20000076293945,44.4900016784668,44.72999954223633,28000,44.20045471191406,0.0
INBK,2021-12-07,45.130001068115234,45.130001068115234,43.47999954223633,43.810001373291016,43600,43.29134750366211,0.0
INBK,2021-12-08,44.02000045776367,44.060001373291016,43.66999816894531,43.84000015258789,18100,43.32099533081055,0.0
INBK,2021-12-09,43.9900016784668,44.38999938964844,43.349998474121094,44.119998931884766,68400,43.597679138183594,0.0
INBK,2021-12-10,44.630001068115234,44.7599983215332,43.209999084472656,44.36000061035156,22500,43.834842681884766,0.0
INBK,2021-12-13,43.81999969482422,44.119998931884766,43.36000061035156,43.459999084472656,28600,42.94549560546875,0.0
INBK,2021-12-14,43.47999954223633,44.61000061035156,42.47999954223633,42.970001220703125,72500,42.461299896240234,0.0
INBK,2021-12-15,42.95000076293945,44.439998626708984,42.040000915527344,43.630001068115234,27400,43.113487243652344,0.0
INBK,2021-12-16,44.34000015258789,45.029998779296875,43.810001373291016,44.20000076293945,28500,43.676734924316406,0.0
INBK,2021-12-17,44.34000015258789,44.560001373291016,42.86000061035156,43.36000061035156,39200,42.846675872802734,0.0
INBK,2021-12-20,42.939998626708984,43.33000183105469,42.08000183105469,43.099998474121094,42100,42.589752197265625,0.0
INBK,2021-12-21,43.380001068115234,44.65999984741211,43.380001068115234,44.380001068115234,25600,43.8546028137207,0.0
INBK,2021-12-22,44.16999816894531,44.619998931884766,44.06999969482422,44.61000061035156,13400,44.08188247680664,0.0
INBK,2021-12-23,44.93000030517578,45.2400016784668,43.75,44.63999938964844,13900,44.11152267456055,0.0
INBK,2021-12-27,44.959999084472656,46.86000061035156,44.5,46.630001068115234,48500,46.07796096801758,0.0
INBK,2021-12-28,46.2599983215332,46.560001373291016,45.75,46.36000061035156,25300,45.811161041259766,0.0
INBK,2021-12-29,46.290000915527344,47.630001068115234,45.90999984741211,47.33000183105469,47500,46.769683837890625,0.0
INBK,2021-12-30,47.380001068115234,47.7400016784668,46.939998626708984,47.040000915527344,53400,46.542110443115234,0.06
INBK,2021-12-31,47.0099983215332,47.22999954223633,46.400001525878906,47.040000915527344,78900,46.542110443115234,0.0
INBK,2022-01-03,47.2400016784668,48.27000045776367,46.5099983215332,47.97999954223633,61400,47.472164154052734,0.0
INBK,2022-01-04,48.29999923706055,49.63999938964844,48.29999923706055,49.0,52600,48.48136520385742,0.0
INBK,2022-01-05,48.9900016784668,49.900001525878906,48.9900016784668,49.20000076293945,48900,48.67924880981445,0.0
INBK,2022-01-06,49.439998626708984,50.939998626708984,49.439998626708984,50.689998626708984,33800,50.15347671508789,0.0
INBK,2022-01-07,51.0,51.939998626708984,50.79999923706055,51.310001373291016,36700,50.76691818237305,0.0
INBK,2022-01-10,51.790000915527344,51.88999938964844,50.939998626708984,51.45000076293945,48800,50.905433654785156,0.0
INBK,2022-01-11,51.41999816894531,51.41999816894531,50.06999969482422,50.380001068115234,71000,49.84675979614258,0.0
INBK,2022-01-12,50.599998474121094,52.439998626708984,50.38999938964844,51.869998931884766,61900,51.320987701416016,0.0
INBK,2022-01-13,52.18000030517578,53.11000061035156,51.79999923706055,52.79999923706055,67200,52.241146087646484,0.0
INBK,2022-01-14,52.33000183105469,53.040000915527344,51.7400016784668,52.099998474121094,58100,51.548553466796875,0.0
INBK,2022-01-18,52.150001525878906,53.439998626708984,51.79999923706055,52.63999938964844,62200,52.08283996582031,0.0
INBK,2022-01-19,52.529998779296875,53.0,50.04999923706055,50.5,66000,49.96548843383789,0.0
INBK,2022-01-20,51.880001068115234,53.560001373291016,51.36000061035156,52.13999938964844,142000,51.588130950927734,0.0
INBK,2022-01-21,51.5,52.59000015258789,50.0,50.2400016784668,107100,49.7082405090332,0.0
INBK,2022-01-24,49.650001525878906,50.5099983215332,49.02000045776367,49.88999938964844,71400,49.36194610595703,0.0
INBK,2022-01-25,49.33000183105469,50.52000045776367,47.650001525878906,50.099998474121094,59200,49.569725036621094,0.0
INBK,2022-01-26,50.369998931884766,51.41999816894531,48.599998474121094,49.470001220703125,74700,48.94639587402344,0.0
INBK,2022-01-27,49.77000045776367,51.0,48.349998474121094,48.79999923706055,58200,48.283485412597656,0.0
INBK,2022-01-28,48.72999954223633,49.25,47.33000183105469,49.13999938964844,51200,48.6198844909668,0.0
INBK,2022-01-31,48.9900016784668,50.369998931884766,47.95000076293945,50.2599983215332,68600,49.728031158447266,0.0
INBK,2022-02-01,50.20000076293945,51.040000915527344,49.130001068115234,50.45000076293945,57900,49.916015625,0.0
INBK,2022-02-02,50.5099983215332,50.97999954223633,49.61000061035156,49.970001220703125,62900,49.44110107421875,0.0
INBK,2022-02-03,50.04999923706055,51.029998779296875,48.66999816894531,49.06999969482422,31600,48.55062484741211,0.0
INBK,2022-02-04,49.279998779296875,49.4900016784668,48.5,48.9900016784668,33000,48.471473693847656,0.0
INBK,2022-02-07,49.0099983215332,49.4900016784668,48.38999938964844,49.130001068115234,52200,48.60999298095703,0.0
INBK,2022-02-08,49.040000915527344,50.650001525878906,49.040000915527344,50.630001068115234,34300,50.0941162109375,0.0
INBK,2022-02-09,50.75,50.959999084472656,49.779998779296875,49.900001525878906,40900,49.3718376159668,0.0
INBK,2022-02-10,49.880001068115234,50.52000045776367,49.790000915527344,50.08000183105469,50200,49.5499382019043,0.0
INBK,2022-02-11,49.77000045776367,50.880001068115234,49.77000045776367,50.15999984741211,33800,49.629085540771484,0.0
INBK,2022-02-14,50.38999938964844,50.41999816894531,49.099998474121094,49.650001525878906,62600,49.12448501586914,0.0
INBK,2022-02-15,50.099998474121094,50.709999084472656,50.099998474121094,50.47999954223633,21600,49.945701599121094,0.0
INBK,2022-02-16,50.470001220703125,51.209999084472656,50.15999984741211,51.0099983215332,22100,50.470088958740234,0.0
INBK,2022-02-17,50.16999816894531,50.349998474121094,49.66999816894531,50.150001525878906,59000,49.61920166015625,0.0
INBK,2022-02-18,49.880001068115234,50.709999084472656,49.880001068115234,50.18000030517578,54700,49.64887619018555,0.0
INBK,2022-02-22,50.150001525878906,50.15999984741211,49.060001373291016,49.59000015258789,33200,49.06512451171875,0.0
INBK,2022-02-23,49.779998779296875,50.279998779296875,48.59000015258789,48.630001068115234,26900,48.11528396606445,0.0
INBK,2022-02-24,47.38999938964844,47.400001525878906,45.689998626708984,47.06999969482422,64300,46.57179260253906,0.0
INBK,2022-02-25,47.58000183105469,49.40999984741211,47.58000183105469,49.18000030517578,31000,48.659461975097656,0.0
INBK,2022-02-28,48.36000061035156,49.310001373291016,48.36000061035156,48.880001068115234,28400,48.36263656616211,0.0
INBK,2022-03-01,48.45000076293945,48.45000076293945,45.97999954223633,46.52000045776367,62600,46.027618408203125,0.0
INBK,2022-03-02,46.7599983215332,49.029998779296875,46.7599983215332,48.630001068115234,27100,48.11528396606445,0.0
INBK,2022-03-03,48.81999969482422,49.939998626708984,47.130001068115234,47.70000076293945,20800,47.195125579833984,0.0
INBK,2022-03-04,47.08000183105469,47.08000183105469,44.09000015258789,44.83000183105469,83300,44.35550308227539,0.0
INBK,2022-03-07,44.7400016784668,44.7400016784668,42.650001525878906,42.7400016784668,85600,42.28763198852539,0.0
INBK,2022-03-08,42.7599983215332,45.099998474121094,42.7599983215332,43.349998474121094,73100,42.89116287231445,0.0
INBK,2022-03-09,44.54999923706055,45.5,44.52000045776367,44.72999954223633,23300,44.256561279296875,0.0
INBK,2022-03-10,44.11000061035156,45.15999984741211,44.11000061035156,45.150001525878906,34100,44.672119140625,0.0
INBK,2022-03-11,45.349998474121094,45.349998474121094,44.779998779296875,45.029998779296875,20600,44.55338668823242,0.0
INBK,2022-03-14,45.689998626708984,46.720001220703125,44.290000915527344,45.47999954223633,27800,44.99862289428711,0.0
INBK,2022-03-15,46.0099983215332,46.880001068115234,45.709999084472656,46.75,31900,46.25518035888672,0.0
INBK,2022-03-16,47.029998779296875,47.279998779296875,46.66999816894531,47.15999984741211,24700,46.66084289550781,0.0
INBK,2022-03-17,47.279998779296875,47.279998779296875,45.86000061035156,46.709999084472656,11600,46.215606689453125,0.0
INBK,2022-03-18,46.36000061035156,46.630001068115234,44.0099983215332,46.630001068115234,83400,46.136451721191406,0.0
INBK,2022-03-21,46.70000076293945,46.93000030517578,45.58000183105469,45.81999969482422,15100,45.335025787353516,0.0
INBK,2022-03-22,45.790000915527344,47.16999816894531,45.790000915527344,46.7400016784668,20200,46.24528884887695,0.0
INBK,2022-03-23,46.16999816894531,46.16999816894531,44.689998626708984,44.689998626708984,20900,44.216983795166016,0.0
INBK,2022-03-24,45.34000015258789,45.34000015258789,44.72999954223633,45.060001373291016,11800,44.58306884765625,0.0
INBK,2022-03-25,45.41999816894531,46.349998474121094,45.41999816894531,45.970001220703125,21300,45.48344039916992,0.0
INBK,2022-03-28,45.72999954223633,45.72999954223633,44.810001373291016,45.08000183105469,11000,44.60286331176758,0.0
INBK,2022-03-29,45.7400016784668,45.959999084472656,45.380001068115234,45.619998931884766,11800,45.137142181396484,0.0
INBK,2022-03-30,45.43000030517578,45.68000030517578,43.540000915527344,43.70000076293945,12700,43.294403076171875,0.06
INBK,2022-03-31,43.43000030517578,45.0,42.810001373291016,43.0099983215332,35300,42.43748474121094,0.06
INBK,2022-04-01,43.5,43.689998626708984,42.81999969482422,43.13999938964844,37300,42.56574630737305,0.0
INBK,2022-04-04,42.959999084472656,43.720001220703125,42.060001373291016,42.15999984741211,20600,41.598793029785156,0.0
INBK,2022-04-05,42.04999923706055,43.290000915527344,41.880001068115234,41.90999984741211,28700,41.35211944580078,0.0
INBK,2022-04-06,41.619998931884766,42.380001068115234,41.02000045776367,41.72999954223633,68100,41.17451477050781,0.0
INBK,2022-04-07,42.040000915527344,42.040000915527344,40.220001220703125,40.220001220703125,45200,39.68461990356445,0.0
INBK,2022-04-08,40.22999954223633,40.63999938964844,39.599998474121094,39.68000030517578,30800,39.15180587768555,0.0
INBK,2022-04-11,39.54999923706055,41.66999816894531,39.380001068115234,40.560001373291016,24000,40.02009201049805,0.0
INBK,2022-04-12,40.56999969482422,41.13999938964844,39.84000015258789,40.09000015258789,19100,39.55634689331055,0.0
INBK,2022-04-13,39.77000045776367,42.04999923706055,39.77000045776367,41.9900016784668,55800,41.431053161621094,0.0
INBK,2022-04-14,41.97999954223633,42.47999954223633,41.439998626708984,41.56999969482422,27300,41.016639709472656,0.0
INBK,2022-04-18,41.68000030517578,42.599998474121094,40.560001373291016,41.790000915527344,29900,41.23371887207031,0.0
INBK,2022-04-19,42.189998626708984,43.38999938964844,42.119998931884766,43.2599983215332,23300,42.684146881103516,0.0
INBK,2022-04-20,43.79999923706055,46.38999938964844,42.63999938964844,44.15999984741211,30100,43.57217025756836,0.0
INBK,2022-04-21,46.310001373291016,46.310001373291016,42.27000045776367,42.70000076293945,25600,42.13160705566406,0.0
INBK,2022-04-22,42.22999954223633,42.290000915527344,41.02000045776367,41.040000915527344,23600,40.49370193481445,0.0
INBK,2022-04-25,40.81999969482422,41.540000915527344,39.33000183105469,40.16999816894531,30000,39.635276794433594,0.0
INBK,2022-04-26,39.619998931884766,39.7599983215332,38.34000015258789,38.439998626708984,36800,37.92831039428711,0.0
INBK,2022-04-27,38.29999923706055,38.91999816894531,37.97999954223633,38.20000076293945,30100,37.69150924682617,0.0
INBK,2022-04-28,38.810001373291016,40.150001525878906,38.4900016784668,39.810001373291016,26700,39.28007507324219,0.0
INBK,2022-04-29,39.0,40.41999816894531,38.43000030517578,38.4900016784668,65100,37.97764205932617,0.0
INBK,2022-05-02,36.209999084472656,36.45000076293945,32.47999954223633,33.0099983215332,190900,32.570594787597656,0.0
INBK,2022-05-03,33.43000030517578,37.9900016784668,32.5099983215332,37.349998474121094,148600,36.85281753540039,0.0
INBK,2022-05-04,37.279998779296875,37.349998474121094,35.810001373291016,37.06999969482422,87000,36.5765495300293,0.0
INBK,2022-05-05,36.97999954223633,37.790000915527344,36.63999938964844,37.25,70100,36.754150390625,0.0
INBK,2022-05-06,37.0,38.36000061035156,36.7599983215332,37.09000015258789,63500,36.59627914428711,0.0
INBK,2022-05-09,36.540000915527344,37.95000076293945,36.540000915527344,36.88999938964844,71400,36.39894104003906,0.0
INBK,2022-05-10,37.2599983215332,37.52000045776367,35.709999084472656,36.27000045776367,51400,35.78719711303711,0.0
INBK,2022-05-11,36.439998626708984,37.84000015258789,36.439998626708984,37.369998931884766,42200,36.8725471496582,0.0
INBK,2022-05-12,37.29999923706055,37.29999923706055,36.349998474121094,37.0,112500,36.507476806640625,0.0
INBK,2022-05-13,37.220001220703125,38.5,37.220001220703125,37.40999984741211,40200,36.91202163696289,0.0
INBK,2022-05-16,37.529998779296875,37.779998779296875,36.619998931884766,36.720001220703125,208500,36.23120880126953,0.0
INBK,2022-05-17,36.849998474121094,39.0099983215332,36.72999954223633,38.849998474121094,69500,38.33285140991211,0.0
INBK,2022-05-18,38.459999084472656,39.22999954223633,37.209999084472656,37.52000045776367,48100,37.02055740356445,0.0
INBK,2022-05-19,37.36000061035156,37.70000076293945,36.599998474121094,36.7400016784668,63100,36.250946044921875,0.0
INBK,2022-05-20,37.09000015258789,37.619998931884766,36.27000045776367,36.59000015258789,55100,36.10293960571289,0.0
INBK,2022-05-23,37.09000015258789,37.7599983215332,36.88999938964844,37.40999984741211,49800,36.91202163696289,0.0
INBK,2022-05-24,37.310001373291016,38.619998931884766,36.220001220703125,37.02000045776367,59100,36.52721405029297,0.0
INBK,2022-05-25,37.09000015258789,37.97999954223633,37.09000015258789,37.630001068115234,37000,37.12909698486328,0.0
INBK,2022-05-26,37.45000076293945,38.810001373291016,37.45000076293945,38.540000915527344,22900,38.026981353759766,0.0
INBK,2022-05-27,38.779998779296875,39.0,37.599998474121094,38.66999816894531,25600,38.155250549316406,0.0
INBK,2022-05-31,38.43000030517578,38.880001068115234,37.970001220703125,38.650001525878906,35600,38.13551712036133,0.0
INBK,2022-06-01,38.93000030517578,38.93000030517578,37.130001068115234,37.93000030517578,21400,37.42509841918945,0.0
INBK,2022-06-02,38.060001373291016,38.97999954223633,37.810001373291016,38.97999954223633,26300,38.461124420166016,0.0
INBK,2022-06-03,38.900001525878906,39.099998474121094,38.119998931884766,38.56999969482422,28700,38.05657958984375,0.0
INBK,2022-06-06,38.939998626708984,39.220001220703125,38.529998779296875,38.869998931884766,20900,38.35258865356445,0.0
INBK,2022-06-07,38.439998626708984,39.29999923706055,38.38999938964844,39.09000015258789,34900,38.56965637207031,0.0
INBK,2022-06-08,38.95000076293945,38.95000076293945,38.290000915527344,38.52000045776367,26500,38.00724792480469,0.0
INBK,2022-06-09,38.4900016784668,38.5,37.31999969482422,37.369998931884766,20600,36.8725471496582,0.0
INBK,2022-06-10,36.61000061035156,36.63999938964844,35.880001068115234,35.939998626708984,11300,35.46158981323242,0.0
INBK,2022-06-13,35.279998779296875,35.849998474121094,34.630001068115234,34.900001525878906,19800,34.4354362487793,0.0
INBK,2022-06-14,34.970001220703125,37.7400016784668,34.880001068115234,35.45000076293945,23600,34.978111267089844,0.0
INBK,2022-06-15,35.5099983215332,36.93000030517578,35.5099983215332,36.83000183105469,29600,36.339744567871094,0.0
INBK,2022-06-16,36.06999969482422,36.5,35.5,36.2400016784668,34900,35.757598876953125,0.0
INBK,2022-06-17,36.349998474121094,37.5,35.59000015258789,37.189998626708984,94300,36.69495391845703,0.0
INBK,2022-06-21,37.4900016784668,37.84000015258789,36.83000183105469,37.369998931884766,67400,36.8725471496582,0.0
INBK,2022-06-22,36.52000045776367,39.09000015258789,36.18000030517578,37.220001220703125,18800,36.724552154541016,0.0
INBK,2022-06-23,37.060001373291016,37.83000183105469,35.380001068115234,36.040000915527344,21600,35.56025695800781,0.0
INBK,2022-06-24,35.93000030517578,38.0,35.93000030517578,37.86000061035156,70000,37.35603332519531,0.0
INBK,2022-06-27,38.040000915527344,38.040000915527344,37.130001068115234,37.470001220703125,23400,36.97122573852539,0.0
INBK,2022-06-28,37.59000015258789,37.599998474121094,37.08000183105469,37.09000015258789,20900,36.59627914428711,0.0
INBK,2022-06-29,37.16999816894531,37.36000061035156,36.27000045776367,36.79999923706055,15000,36.31013870239258,0.0
INBK,2022-06-30,36.040000915527344,37.06999969482422,35.720001220703125,36.81999969482422,21300,36.38920593261719,0.06
INBK,2022-07-01,37.18000030517578,37.84000015258789,36.5,37.59000015258789,28400,37.15019607543945,0.0
INBK,2022-07-05,36.97999954223633,37.4900016784668,36.04999923706055,37.45000076293945,28100,37.01183319091797,0.0
INBK,2022-07-06,37.4900016784668,37.4900016784668,36.36000061035156,36.52000045776367,20700,36.09271240234375,0.0
INBK,2022-07-07,36.79999923706055,37.349998474121094,36.54999923706055,36.599998474121094,45700,36.17177963256836,0.0
INBK,2022-07-08,36.470001220703125,37.45000076293945,36.060001373291016,36.54999923706055,25300,36.12236404418945,0.0
INBK,2022-07-11,36.5,37.04999923706055,36.400001525878906,36.900001525878906,15900,36.4682731628418,0.0
INBK,2022-07-12,36.72999954223633,37.56999969482422,36.650001525878906,36.720001220703125,9200,36.290374755859375,0.0
INBK,2022-07-13,36.41999816894531,36.41999816894531,35.209999084472656,35.599998474121094,15700,35.1834831237793,0.0
INBK,2022-07-14,34.810001373291016,35.45000076293945,34.619998931884766,35.29999923706055,12300,34.88698959350586,0.0
INBK,2022-07-15,36.16999816894531,37.06999969482422,35.40999984741211,36.54999923706055,31900,36.12236404418945,0.0
INBK,2022-07-18,36.72999954223633,37.5,36.560001373291016,36.84000015258789,24000,36.408973693847656,0.0
INBK,2022-07-19,36.810001373291016,40.119998931884766,36.810001373291016,39.59000015258789,39200,39.126792907714844,0.0
INBK,2022-07-20,39.59000015258789,39.59000015258789,38.18000030517578,39.029998779296875,20900,38.573341369628906,0.0
INBK,2022-07-21,37.47999954223633,37.47999954223633,36.25,36.7400016784668,41000,36.310142517089844,0.0
INBK,2022-07-22,36.72999954223633,36.72999954223633,35.0,35.310001373291016,47400,34.896873474121094,0.0
INBK,2022-07-25,35.439998626708984,35.75,35.189998626708984,35.2599983215332,17800,34.84745788574219,0.0
INBK,2022-07-26,34.79999923706055,35.2599983215332,34.18000030517578,34.22999954223633,24000,33.82950973510742,0.0
INBK,2022-07-27,34.75,34.75,34.27000045776367,34.75,19800,34.343421936035156,0.0
INBK,2022-07-28,34.599998474121094,35.720001220703125,34.45000076293945,35.27000045776367,38400,34.85734176635742,0.0
INBK,2022-07-29,35.36000061035156,35.849998474121094,34.7599983215332,35.45000076293945,30700,35.03523635864258,0.0
INBK,2022-08-01,35.31999969482422,36.2599983215332,35.31999969482422,36.130001068115234,35700,35.707275390625,0.0
INBK,2022-08-02,35.650001525878906,35.7599983215332,35.099998474121094,35.279998779296875,20100,34.86722183227539,0.0
INBK,2022-08-03,35.689998626708984,36.2400016784668,34.54999923706055,35.959999084472656,15700,35.53926467895508,0.0
INBK,2022-08-04,35.599998474121094,36.369998931884766,35.09000015258789,35.720001220703125,20300,35.30207824707031,0.0
INBK,2022-08-05,35.43000030517578,35.84000015258789,34.7400016784668,35.790000915527344,9300,35.371253967285156,0.0
INBK,2022-08-08,36.400001525878906,36.400001525878906,35.540000915527344,35.91999816894531,25600,35.499732971191406,0.0
INBK,2022-08-09,35.7599983215332,36.5,35.61000061035156,36.150001525878906,26100,35.72704315185547,0.0
INBK,2022-08-10,36.369998931884766,36.970001220703125,36.18000030517578,36.790000915527344,21400,36.35955810546875,0.0
INBK,2022-08-11,37.29999923706055,37.88999938964844,37.29999923706055,37.560001373291016,12300,37.12054443359375,0.0
INBK,2022-08-12,37.560001373291016,38.29999923706055,37.099998474121094,38.11000061035156,17000,37.66411590576172,0.0
INBK,2022-08-15,37.650001525878906,39.189998626708984,37.650001525878906,38.599998474121094,26100,38.148380279541016,0.0
INBK,2022-08-16,38.66999816894531,38.959999084472656,38.5,38.81999969482422,31000,38.365806579589844,0.0
INBK,2022-08-17,38.5,38.93000030517578,38.41999816894531,38.59000015258789,21900,38.13849639892578,0.0
INBK,2022-08-18,38.77000045776367,38.91999816894531,38.369998931884766,38.689998626708984,22000,38.23732376098633,0.0
INBK,2022-08-19,38.380001068115234,39.0,38.16999816894531,38.83000183105469,24500,38.37569046020508,0.0
INBK,2022-08-22,38.22999954223633,38.63999938964844,38.02000045776367,38.33000183105469,23200,37.88153839111328,0.0
INBK,2022-08-23,38.45000076293945,38.52000045776367,37.91999816894531,37.95000076293945,43500,37.5059814453125,0.0
INBK,2022-08-24,38.0,38.09000015258789,37.31999969482422,37.31999969482422,16500,36.883358001708984,0.0
INBK,2022-08-25,37.459999084472656,38.09000015258789,37.439998626708984,37.91999816894531,35800,37.47633361816406,0.0
INBK,2022-08-26,37.95000076293945,37.95000076293945,36.61000061035156,36.779998779296875,28000,36.34967041015625,0.0
INBK,2022-08-29,36.61000061035156,37.11000061035156,36.439998626708984,37.02000045776367,13900,36.58686447143555,0.0
INBK,2022-08-30,36.90999984741211,37.34000015258789,36.68000030517578,36.93000030517578,27000,36.49791717529297,0.0
INBK,2022-08-31,36.900001525878906,37.25,36.63999938964844,36.66999816894531,18800,36.24095916748047,0.0
INBK,2022-09-01,36.5,36.5,35.58000183105469,36.290000915527344,34300,35.86540985107422,0.0
INBK,2022-09-02,36.54999923706055,36.90999984741211,35.88999938964844,35.91999816894531,21300,35.499732971191406,0.0
INBK,2022-09-06,36.209999084472656,36.209999084472656,35.59000015258789,35.59000015258789,19300,35.1735954284668,0.0
INBK,2022-09-07,35.68000030517578,36.08000183105469,35.61000061035156,36.08000183105469,16900,35.657867431640625,0.0
INBK,2022-09-08,35.66999816894531,36.11000061035156,35.630001068115234,35.849998474121094,13800,35.43054962158203,0.0
INBK,2022-09-09,36.099998474121094,36.29999923706055,36.0,36.15999984741211,16000,35.7369270324707,0.0
INBK,2022-09-12,36.16999816894531,36.95000076293945,36.16999816894531,36.95000076293945,14600,36.51768493652344,0.0
INBK,2022-09-13,36.31999969482422,36.7400016784668,35.43000030517578,35.560001373291016,21500,35.143951416015625,0.0
INBK,2022-09-14,35.47999954223633,35.849998474121094,35.220001220703125,35.439998626708984,26900,35.02534866333008,0.0
INBK,2022-09-15,35.459999084472656,36.220001220703125,35.459999084472656,35.79999923706055,28800,35.38113784790039,0.0
INBK,2022-09-16,35.52000045776367,36.18000030517578,35.27000045776367,36.16999816894531,77600,35.74680709838867,0.0
INBK,2022-09-19,35.77000045776367,36.79999923706055,35.77000045776367,36.65999984741211,40900,36.2310791015625,0.0
INBK,2022-09-20,36.470001220703125,36.779998779296875,36.43000030517578,36.43000030517578,9300,36.00376892089844,0.0
INBK,2022-09-21,36.9900016784668,36.9900016784668,35.970001220703125,36.029998779296875,17900,35.60844802856445,0.0
INBK,2022-09-22,35.0099983215332,35.54999923706055,35.0099983215332,35.34000015258789,12600,34.92652130126953,0.0
INBK,2022-09-23,34.95000076293945,35.290000915527344,34.68000030517578,35.150001525878906,18600,34.738746643066406,0.0
INBK,2022-09-26,34.83000183105469,35.310001373291016,34.58000183105469,34.810001373291016,26100,34.40272521972656,0.0
INBK,2022-09-27,34.95000076293945,35.119998931884766,33.939998626708984,34.189998626708984,28600,33.78997802734375,0.0
INBK,2022-09-28,33.790000915527344,35.279998779296875,33.75,34.81999969482422,20200,34.412601470947266,0.0
INBK,2022-09-29,35.13999938964844,35.13999938964844,33.689998626708984,34.15999984741211,19800,33.818603515625,0.06
INBK,2022-09-30,34.470001220703125,35.279998779296875,33.810001373291016,33.86000061035156,101200,33.521602630615234,0.0
INBK,2022-10-03,34.400001525878906,34.400001525878906,33.06999969482422,34.209999084472656,28800,33.86810302734375,0.0
INBK,2022-10-04,34.560001373291016,35.16999816894531,34.560001373291016,35.0,39700,34.65020751953125,0.0
INBK,2022-10-05,34.689998626708984,35.29999923706055,34.68000030517578,34.779998779296875,14600,34.43240737915039,0.0
INBK,2022-10-06,34.68000030517578,34.939998626708984,33.689998626708984,33.83000183105469,12100,33.49190139770508,0.0
INBK,2022-10-07,32.130001068115234,32.7400016784668,30.329999923706055,30.809999465942383,32900,30.50208282470703,0.0
INBK,2022-10-10,30.760000228881836,30.84000015258789,29.729999542236328,29.739999771118164,21100,29.44277572631836,0.0
INBK,2022-10-11,29.549999237060547,30.049999237060547,29.25,29.690000534057617,20200,29.393278121948242,0.0
INBK,2022-10-12,29.700000762939453,30.010000228881836,29.06999969482422,29.899999618530273,10200,29.601179122924805,0.0
INBK,2022-10-13,30.190000534057617,31.3700008392334,29.93000030517578,31.34000015258789,58900,31.02678680419922,0.0
INBK,2022-10-14,31.719999313354492,31.899999618530273,31.459999084472656,31.540000915527344,17600,31.224788665771484,0.0
INBK,2022-10-17,32.0,32.4900016784668,31.889999389648438,32.380001068115234,16900,32.056392669677734,0.0
INBK,2022-10-18,33.02000045776367,33.02000045776367,31.690000534057617,32.189998626708984,16500,31.868288040161133,0.0
INBK,2022-10-19,31.360000610351562,31.959999084472656,29.989999771118164,30.81999969482422,34800,30.51198387145996,0.0
INBK,2022-10-20,28.559999465942383,29.729999542236328,24.5,24.56999969482422,68300,24.324445724487305,0.0
INBK,2022-10-21,24.59000015258789,24.59000015258789,22.010000228881836,22.3799991607666,79600,22.156330108642578,0.0
INBK,2022-10-24,22.290000915527344,24.350000381469727,22.290000915527344,23.899999618530273,116400,23.661142349243164,0.0
INBK,2022-10-25,23.639999389648438,24.479999542236328,22.959999084472656,23.959999084472656,70800,23.72054100036621,0.0
INBK,2022-10-26,23.860000610351562,24.799999237060547,23.719999313354492,24.25,39600,24.00764274597168,0.0
INBK,2022-10-27,24.770000457763672,25.530000686645508,24.75,25.09000015258789,173800,24.839248657226562,0.0
INBK,2022-10-28,25.100000381469727,25.90999984741211,25.100000381469727,25.790000915527344,51100,25.53225326538086,0.0
INBK,2022-10-31,25.790000915527344,26.43000030517578,25.510000228881836,25.690000534057617,46500,25.433252334594727,0.0
INBK,2022-11-01,25.760000228881836,25.950000762939453,24.690000534057617,24.84000015258789,34200,24.59174919128418,0.0
INBK,2022-11-02,24.84000015258789,25.09000015258789,24.139999389648438,24.219999313354492,46600,23.977943420410156,0.0
INBK,2022-11-03,24.229999542236328,24.3799991607666,24.0,24.1200008392334,33500,23.878944396972656,0.0
INBK,2022-11-04,24.360000610351562,25.3799991607666,23.510000228881836,25.34000015258789,37200,25.08675193786621,0.0
INBK,2022-11-07,25.040000915527344,25.520000457763672,24.760000228881836,24.950000762939453,54500,24.700647354125977,0.0
INBK,2022-11-08,24.989999771118164,25.510000228881836,24.459999084472656,24.739999771118164,32800,24.492746353149414,0.0
INBK,2022-11-09,24.459999084472656,24.670000076293945,24.18000030517578,24.209999084472656,19200,23.96804428100586,0.0
INBK,2022-11-10,25.139999389648438,26.270000457763672,24.959999084472656,25.979999542236328,36900,25.720355987548828,0.0
INBK,2022-11-11,24.540000915527344,26.600000381469727,24.540000915527344,26.440000534057617,36100,26.175758361816406,0.0
INBK,2022-11-14,25.899999618530273,25.920000076293945,24.739999771118164,24.829999923706055,38600,24.58184814453125,0.0
INBK,2022-11-15,25.219999313354492,25.639999389648438,25.030000686645508,25.06999969482422,28100,24.819448471069336,0.0
INBK,2022-11-16,24.780000686645508,25.239999771118164,24.440000534057617,24.959999084472656,24700,24.710546493530273,0.0
INBK,2022-11-17,24.729999542236328,25.270000457763672,24.510000228881836,24.959999084472656,31400,24.710546493530273,0.0
INBK,2022-11-18,25.43000030517578,25.43000030517578,24.549999237060547,24.81999969482422,34000,24.571949005126953,0.0
INBK,2022-11-21,24.829999923706055,25.149999618530273,24.700000762939453,25.09000015258789,53600,24.839248657226562,0.0
INBK,2022-11-22,24.989999771118164,26.6299991607666,24.989999771118164,26.579999923706055,86800,26.31435775756836,0.0
INBK,2022-11-23,26.309999465942383,26.510000228881836,25.479999542236328,25.579999923706055,18900,25.324350357055664,0.0
INBK,2022-11-25,25.959999084472656,26.149999618530273,25.549999237060547,25.610000610351562,11300,25.354053497314453,0.0
INBK,2022-11-28,25.649999618530273,25.709999084472656,24.950000762939453,25.059999465942383,24400,24.809547424316406,0.0
INBK,2022-11-29,25.219999313354492,25.75,24.719999313354492,25.1200008392334,33000,24.86894989013672,0.0
INBK,2022-11-30,24.81999969482422,26.239999771118164,24.690000534057617,25.959999084472656,28200,25.700551986694336,0.0
INBK,2022-12-01,25.850000381469727,26.229999542236328,25.770000457763672,26.110000610351562,23200,25.849056243896484,0.0
INBK,2022-12-02,25.399999618530273,26.34000015258789,25.399999618530273,26.25,35000,25.987655639648438,0.0
INBK,2022-12-05,26.139999389648438,26.329999923706055,25.850000381469727,26.15999984741211,49200,25.898555755615234,0.0
INBK,2022-12-06,26.100000381469727,26.290000915527344,26.0,26.280000686645508,41300,26.017356872558594,0.0
INBK,2022-12-07,26.040000915527344,26.530000686645508,25.889999389648438,26.190000534057617,26800,25.92825698852539,0.0
INBK,2022-12-08,26.020000457763672,26.889999389648438,25.920000076293945,26.540000915527344,22800,26.274757385253906,0.0
INBK,2022-12-09,26.510000228881836,26.860000610351562,26.440000534057617,26.6299991607666,23900,26.36385726928711,0.0
INBK,2022-12-12,26.489999771118164,27.079999923706055,26.489999771118164,26.889999389648438,24800,26.621259689331055,0.0
INBK,2022-12-13,27.030000686645508,27.520000457763672,25.559999465942383,26.280000686645508,38600,26.017356872558594,0.0
INBK,2022-12-14,25.989999771118164,26.200000762939453,24.420000076293945,24.43000030517578,65200,24.18584442138672,0.0
INBK,2022-12-15,24.399999618530273,24.399999618530273,23.010000228881836,23.299999237060547,105500,23.067136764526367,0.0
INBK,2022-12-16,23.0,23.239999771118164,22.350000381469727,22.520000457763672,148900,22.29493522644043,0.0
INBK,2022-12-19,22.600000381469727,23.149999618530273,22.1299991607666,22.540000915527344,73100,22.314735412597656,0.0
INBK,2022-12-20,22.520000457763672,23.520000457763672,22.489999771118164,23.110000610351562,44400,22.879037857055664,0.0
INBK,2022-12-21,23.559999465942383,25.489999771118164,23.559999465942383,24.979999542236328,63500,24.7303466796875,0.0
INBK,2022-12-22,25.0,25.1200008392334,24.190000534057617,25.06999969482422,34300,24.819448471069336,0.0
INBK,2022-12-23,24.899999618530273,24.989999771118164,24.479999542236328,24.600000381469727,32200,24.35414695739746,0.0
INBK,2022-12-27,24.6200008392334,24.899999618530273,24.219999313354492,24.40999984741211,24800,24.166044235229492,0.0
INBK,2022-12-28,24.239999771118164,24.510000228881836,23.520000457763672,23.84000015258789,38100,23.601741790771484,0.0
INBK,2022-12-29,23.829999923706055,24.34000015258789,23.829999923706055,24.34000015258789,30700,24.157543182373047,0.06
INBK,2022-12-30,24.309999465942383,24.540000915527344,24.010000228881836,24.280000686645508,25000,24.097993850708008,0.0
INBK,2023-01-03,24.3799991607666,24.719999313354492,24.020000457763672,24.489999771118164,26900,24.306419372558594,0.0
INBK,2023-01-04,24.479999542236328,25.040000915527344,24.209999084472656,24.700000762939453,32000,24.514846801757812,0.0
INBK,2023-01-05,24.280000686645508,24.40999984741211,23.670000076293945,23.790000915527344,41800,23.61166763305664,0.0
INBK,2023-01-06,23.860000610351562,24.780000686645508,23.860000610351562,24.75,20500,24.564470291137695,0.0
INBK,2023-01-09,24.790000915527344,24.790000915527344,24.18000030517578,24.389999389648438,23700,24.207168579101562,0.0
INBK,2023-01-10,24.350000381469727,25.139999389648438,24.34000015258789,24.770000457763672,43000,24.584320068359375,0.0
INBK,2023-01-11,25.25,25.25,24.40999984741211,24.709999084472656,27800,24.524768829345703,0.0
INBK,2023-01-12,24.829999923706055,25.31999969482422,24.739999771118164,25.309999465942383,26400,25.12027359008789,0.0
INBK,2023-01-13,24.899999618530273,25.809999465942383,24.6299991607666,25.479999542236328,29800,25.288997650146484,0.0
INBK,2023-01-17,25.479999542236328,25.59000015258789,25.100000381469727,25.510000228881836,25700,25.31877326965332,0.0
INBK,2023-01-18,25.299999237060547,25.440000534057617,24.459999084472656,24.6200008392334,31900,24.43544578552246,0.0
INBK,2023-01-19,24.770000457763672,24.920000076293945,24.329999923706055,24.6200008392334,24400,24.43544578552246,0.0
INBK,2023-01-20,24.889999389648438,25.270000457763672,24.639999389648438,25.06999969482422,54900,24.88207244873047,0.0
INBK,2023-01-23,25.0,25.139999389648438,24.75,24.969999313354492,49100,24.782821655273438,0.0
INBK,2023-01-24,25.0,25.6200008392334,24.899999618530273,25.260000228881836,51400,25.070648193359375,0.0
INBK,2023-01-25,25.0,25.239999771118164,24.799999237060547,24.920000076293945,46700,24.733196258544922,0.0
INBK,2023-01-26,25.860000610351562,26.0,24.43000030517578,24.479999542236328,45700,24.29649543762207,0.0
INBK,2023-01-27,24.520000457763672,25.889999389648438,24.520000457763672,25.6200008392334,53300,25.42795181274414,0.0
INBK,2023-01-30,25.530000686645508,26.84000015258789,25.530000686645508,26.219999313354492,72500,26.02345085144043,0.0
INBK,2023-01-31,26.399999618530273,26.399999618530273,25.969999313354492,26.290000915527344,40700,26.092927932739258,0.0
INBK,2023-02-01,26.34000015258789,27.079999923706055,26.280000686645508,26.8700008392334,41700,26.668581008911133,0.0
INBK,2023-02-02,27.100000381469727,27.600000381469727,26.780000686645508,27.3700008392334,35300,27.164831161499023,0.0
INBK,2023-02-03,27.479999542236328,28.0,27.299999237060547,27.729999542236328,54200,27.522132873535156,0.0
INBK,2023-02-06,27.780000686645508,27.780000686645508,27.15999984741211,27.440000534057617,38200,27.23430633544922,0.0
INBK,2023-02-07,27.5,28.18000030517578,27.43000030517578,28.09000015258789,21900,27.87943458557129,0.0
INBK,2023-02-08,27.6200008392334,27.780000686645508,27.25,27.25,30200,27.045730590820312,0.0
INBK,2023-02-09,26.93000030517578,27.489999771118164,26.489999771118164,26.510000228881836,14900,26.311277389526367,0.0
INBK,2023-02-10,26.469999313354492,27.110000610351562,26.3799991607666,26.93000030517578,27500,26.728130340576172,0.0
INBK,2023-02-13,27.149999618530273,27.690000534057617,27.06999969482422,27.540000915527344,25800,27.333559036254883,0.0
INBK,2023-02-14,27.31999969482422,27.360000610351562,26.81999969482422,27.040000915527344,27600,26.837305068969727,0.0
INBK,2023-02-15,27.200000762939453,27.59000015258789,27.149999618530273,27.350000381469727,17300,27.144981384277344,0.0
INBK,2023-02-16,27.309999465942383,28.040000915527344,27.139999389648438,27.579999923706055,34800,27.37325668334961,0.0
INBK,2023-02-17,27.6200008392334,27.8799991607666,27.540000915527344,27.690000534057617,35300,27.482433319091797,0.0
INBK,2023-02-21,27.25,27.59000015258789,27.170000076293945,27.170000076293945,27600,26.966331481933594,0.0
INBK,2023-02-22,27.100000381469727,27.469999313354492,26.940000534057617,27.440000534057617,44500,27.23430633544922,0.0
INBK,2023-02-23,27.3799991607666,27.469999313354492,27.0,27.18000030517578,18200,26.97625732421875,0.0
INBK,2023-02-24,26.829999923706055,27.329999923706055,26.81999969482422,27.1200008392334,17200,26.916706085205078,0.0
INBK,2023-02-27,27.170000076293945,27.56999969482422,27.010000228881836,27.3799991607666,14900,27.174755096435547,0.0
INBK,2023-02-28,27.469999313354492,27.540000915527344,26.989999771118164,27.010000228881836,24000,26.80752944946289,0.0
INBK,2023-03-01,26.959999084472656,27.020000457763672,26.84000015258789,26.93000030517578,21100,26.728130340576172,0.0
INBK,2023-03-02,26.649999618530273,26.899999618530273,26.290000915527344,26.5,15200,26.301353454589844,0.0
INBK,2023-03-03,26.559999465942383,26.719999313354492,26.31999969482422,26.389999389648438,25400,26.192176818847656,0.0
INBK,2023-03-06,26.510000228881836,26.600000381469727,25.81999969482422,25.889999389648438,47200,25.695924758911133,0.0
INBK,2023-03-07,25.979999542236328,26.190000534057617,25.59000015258789,25.6299991607666,28100,25.43787384033203,0.0
INBK,2023-03-08,25.559999465942383,25.649999618530273,24.940000534057617,25.31999969482422,19900,25.130197525024414,0.0
INBK,2023-03-09,25.030000686645508,25.049999237060547,23.139999389648438,23.219999313354492,22800,23.04593849182129,0.0
INBK,2023-03-10,23.200000762939453,23.989999771118164,22.329999923706055,22.8799991607666,59900,22.70848846435547,0.0
INBK,2023-03-13,22.010000228881836,22.09000015258789,18.530000686645508,18.530000686645508,63200,18.391096115112305,0.0
INBK,2023-03-14,20.25,22.0,19.760000228881836,20.1299991607666,67800,19.979103088378906,0.0
INBK,2023-03-15,19.559999465942383,20.110000610351562,17.899999618530273,18.06999969482422,127600,17.93454360961914,0.0
INBK,2023-03-16,18.0,20.219999313354492,18.0,19.719999313354492,92900,19.572174072265625,0.0
INBK,2023-03-17,19.719999313354492,19.719999313354492,18.510000228881836,19.040000915527344,65400,18.897275924682617,0.0
INBK,2023-03-20,19.8799991607666,19.8799991607666,18.860000610351562,19.079999923706055,62900,18.936973571777344,0.0
INBK,2023-03-21,19.6299991607666,20.600000381469727,19.299999237060547,20.459999084472656,64800,20.30662727355957,0.0
INBK,2023-03-22,20.450000762939453,20.450000762939453,18.809999465942383,18.860000610351562,40700,18.718624114990234,0.0
INBK,2023-03-23,19.34000015258789,19.420000076293945,17.440000534057617,17.559999465942383,44600,17.428367614746094,0.0
INBK,2023-03-24,17.389999389648438,18.100000381469727,16.959999084472656,17.040000915527344,88400,16.912267684936523,0.0
INBK,2023-03-27,17.8799991607666,18.270000457763672,17.719999313354492,17.790000915527344,64100,17.656644821166992,0.0
INBK,2023-03-28,17.790000915527344,17.959999084472656,16.75,16.90999984741211,59400,16.783239364624023,0.0
INBK,2023-03-29,17.260000228881836,17.43000030517578,16.360000610351562,17.43000030517578,102500,17.29934310913086,0.0
INBK,2023-03-30,17.59000015258789,18.0,16.3700008392334,16.6299991607666,52600,16.56235122680664,0.06
INBK,2023-03-31,16.6200008392334,16.850000381469727,16.350000381469727,16.649999618530273,70500,16.582271575927734,0.0
INBK,2023-04-03,16.6200008392334,16.979999542236328,16.100000381469727,16.5,75300,16.43288230895996,0.0
INBK,2023-04-04,16.600000381469727,16.959999084472656,15.989999771118164,16.8799991607666,119600,16.81133460998535,0.0
INBK,2023-04-05,16.59000015258789,16.690000534057617,16.1299991607666,16.219999313354492,59800,16.154020309448242,0.0
INBK,2023-04-06,16.239999771118164,16.350000381469727,15.880000114440918,16.170000076293945,79900,16.104223251342773,0.0
INBK,2023-04-10,16.219999313354492,17.1299991607666,16.100000381469727,16.43000030517578,110500,16.36316680908203,0.0
INBK,2023-04-11,16.540000915527344,16.90999984741211,15.880000114440918,16.6200008392334,121900,16.55239486694336,0.0
INBK,2023-04-12,16.709999084472656,16.709999084472656,15.5,15.710000038146973,154900,15.646095275878906,0.0
INBK,2023-04-13,15.90999984741211,16.239999771118164,15.600000381469727,15.729999542236328,88200,15.666013717651367,0.0
INBK,2023-04-14,16.110000610351562,16.110000610351562,15.270000457763672,15.390000343322754,73100,15.327397346496582,0.0
INBK,2023-04-17,15.390000343322754,16.110000610351562,15.010000228881836,15.979999542236328,78100,15.914996147155762,0.0
INBK,2023-04-18,16.010000228881836,16.15999984741211,15.289999961853027,15.420000076293945,72500,15.357275009155273,0.0
INBK,2023-04-19,15.369999885559082,16.549999237060547,15.149999618530273,16.479999542236328,87400,16.412961959838867,0.0
INBK,2023-04-20,16.270000457763672,16.469999313354492,15.800000190734863,16.350000381469727,51000,16.283493041992188,0.0
INBK,2023-04-21,16.299999237060547,16.40999984741211,15.920000076293945,16.110000610351562,62700,16.04446792602539,0.0
INBK,2023-04-24,16.190000534057617,16.489999771118164,15.979999542236328,16.329999923706055,51100,16.263572692871094,0.0
INBK,2023-04-25,16.020000457763672,16.43000030517578,15.4399995803833,15.5600004196167,68000,15.496706008911133,0.0
INBK,2023-04-26,15.460000038146973,15.75,15.0,15.140000343322754,124100,15.078413963317871,0.0
INBK,2023-04-27,15.989999771118164,15.989999771118164,14.710000038146973,15.270000457763672,64900,15.2078857421875,0.0
INBK,2023-04-28,15.029999732971191,15.489999771118164,14.619999885559082,14.710000038146973,83600,14.650162696838379,0.0
INBK,2023-05-01,14.8100004196167,14.8100004196167,13.050000190734863,13.300000190734863,192900,13.245899200439453,0.0
INBK,2023-05-02,13.210000038146973,13.270000457763672,12.5,12.510000228881836,133100,12.459112167358398,0.0
INBK,2023-05-03,12.520000457763672,12.970000267028809,11.489999771118164,11.5600004196167,141300,11.51297664642334,0.0
INBK,2023-05-04,11.350000381469727,11.420000076293945,10.0,10.9399995803833,228600,10.895498275756836,0.0
INBK,2023-05-05,10.90999984741211,11.350000381469727,10.460000038146973,10.539999961853027,197700,10.497125625610352,0.0
INBK,2023-05-08,11.470000267028809,11.470000267028809,10.8100004196167,10.9399995803833,174600,10.895498275756836,0.0
INBK,2023-05-09,10.760000228881836,11.130000114440918,9.970000267028809,10.460000038146973,141100,10.417450904846191,0.0
INBK,2023-05-10,10.5600004196167,11.029999732971191,10.420000076293945,10.539999961853027,117100,10.497125625610352,0.0
INBK,2023-05-11,10.430000305175781,10.430000305175781,9.680000305175781,9.760000228881836,338400,9.720298767089844,0.0
INBK,2023-05-12,9.859999656677246,10.390000343322754,9.8100004196167,10.390000343322754,178700,10.347736358642578,0.0
INBK,2023-05-15,10.460000038146973,11.210000038146973,10.420000076293945,11.180000305175781,118000,11.134522438049316,0.0
INBK,2023-05-16,11.180000305175781,11.260000228881836,10.449999809265137,10.569999694824219,85300,10.527003288269043,0.0
INBK,2023-05-17,10.8100004196167,11.770000457763672,10.8100004196167,11.710000038146973,131300,11.662365913391113,0.0
INBK,2023-05-18,11.680000305175781,12.020000457763672,11.279999732971191,11.899999618530273,141400,11.851593017578125,0.0
INBK,2023-05-19,12.020000457763672,12.300000190734863,11.34000015258789,11.609999656677246,136200,11.562772750854492,0.0
INBK,2023-05-22,11.670000076293945,11.800000190734863,10.989999771118164,11.699999809265137,139000,11.652406692504883,0.0
INBK,2023-05-23,11.84000015258789,13.119999885559082,11.600000381469727,12.579999923706055,161500,12.528827667236328,0.0
INBK,2023-05-24,12.5,12.600000381469727,11.989999771118164,12.40999984741211,105000,12.359519004821777,0.0
INBK,2023-05-25,12.399999618530273,12.399999618530273,11.960000038146973,12.149999618530273,69700,12.100576400756836,0.0
INBK,2023-05-26,12.149999618530273,12.350000381469727,11.960000038146973,12.010000228881836,102200,11.961146354675293,0.0
INBK,2023-05-30,12.0600004196167,12.289999961853027,11.850000381469727,12.15999984741211,62900,12.110535621643066,0.0
INBK,2023-05-31,12.149999618530273,12.329999923706055,11.550000190734863,12.279999732971191,97600,12.230047225952148,0.0
INBK,2023-06-01,12.239999771118164,12.640000343322754,11.760000228881836,12.300000190734863,65700,12.249966621398926,0.0
INBK,2023-06-02,12.449999809265137,13.170000076293945,12.449999809265137,13.09000015258789,105400,13.036752700805664,0.0
INBK,2023-06-05,13.140000343322754,13.420000076293945,12.5,13.359999656677246,117800,13.305654525756836,0.0
INBK,2023-06-06,13.229999542236328,14.75,13.229999542236328,13.850000381469727,174600,13.793662071228027,0.0
INBK,2023-06-07,13.970000267028809,14.420000076293945,13.65999984741211,13.930000305175781,146300,13.873335838317871,0.0
INBK,2023-06-08,13.979999542236328,14.699999809265137,13.760000228881836,14.550000190734863,118500,14.490814208984375,0.0
INBK,2023-06-09,14.550000190734863,14.789999961853027,14.119999885559082,14.359999656677246,125300,14.301586151123047,0.0
INBK,2023-06-12,14.380000114440918,14.899999618530273,14.289999961853027,14.899999618530273,171900,14.83938980102539,0.0
INBK,2023-06-13,14.890000343322754,16.1200008392334,14.5600004196167,15.449999809265137,202900,15.387152671813965,0.0
INBK,2023-06-14,15.59000015258789,15.600000381469727,14.510000228881836,14.75,183600,14.690000534057617,0.0
INBK,2023-06-15,14.739999771118164,15.149999618530273,14.720000267028809,14.949999809265137,90500,14.88918685913086,0.0
INBK,2023-06-16,15.119999885559082,15.119999885559082,14.279999732971191,14.680000305175781,127800,14.620285034179688,0.0
INBK,2023-06-20,14.59000015258789,14.699999809265137,14.010000228881836,14.640000343322754,126900,14.580448150634766,0.0
INBK,2023-06-21,14.680000305175781,14.680000305175781,14.289999961853027,14.529999732971191,74400,14.470894813537598,0.0
INBK,2023-06-22,14.420000076293945,15.010000228881836,13.979999542236328,14.729999542236328,212900,14.67008113861084,0.0
INBK,2023-06-23,14.430000305175781,15.289999961853027,14.380000114440918,14.819999694824219,1302900,14.75971508026123,0.0
INBK,2023-06-26,14.859999656677246,15.609999656677246,14.859999656677246,15.470000267028809,118000,15.407072067260742,0.0
INBK,2023-06-27,15.600000381469727,16.0,15.210000038146973,15.4399995803833,107400,15.377193450927734,0.0
INBK,2023-06-28,15.4399995803833,15.4399995803833,14.609999656677246,14.75,78600,14.690000534057617,0.0
INBK,2023-06-29,14.989999771118164,15.779999732971191,14.989999771118164,15.5,66800,15.5,0.06
